[ 681 1473 2446 2621 2295 1718 1056  407   82   21    2    0    0    0
    0    0    0    0    0    0    0    0    0    0    0]
[ 266  555 1048 1146 1127  975  705  214   49    1    2    0    0    0
    0    0    0    0    0    0    0    0    0    0    0]
[147 349 501 572 701 808 634 295  69   4   3   0   0   0   0   0   0   0
   0   0   0   0   0   0   0]
[ 163  384  574  661  836 1220 1183  588  201   38    3    1    0    0
    0    0    0    0    0    0    0    0    0    0    0]
[ 207  453  709  737  982 1785 2131 1192  414   95    6    0    0    0
    0    0    0    0    0    0    0    0    0    0    0]
[  83  215  327  360  547 1111 1597 1011  376   91   14    0    0    0
    0    0    0    0    0    0    0    0    0    0    0]
[ 29  69 108 134 249 609 855 508 202  69  11   4   0   0   0   0   0   0
   0   0   0   0   0   0   0]
[  25   32   47  103  184  664 1088  736  345   81   11    2    0    0
    0    0    0    0    0    0    0    0    0    0    0]
[  22   27   56  102  297  938 2134 1763  807  207   27    0    0    0
    0    0    0    0    0    0    0    0    0    0    0]
[  17   29   42   78  264  942 2369 2443 1224  387   54   11    0    0
    0    0    0    0    0    0    0    0    0    0    0]
[  13   11   11   34  120  484 1252 1408  713  235   69    3    0    0
    0    0    0    0    0    0    0    0    0    0    0]
[  9   8  10  21  92 326 943 964 477 167  77  10   1   0   0   0   0   0
   0   0   0   0   0   0   0]
[  13    9   11   37   65  306 1205 1475  906  355  105   18    0    0
    0    0    0    0    0    0    0    0    0    0    0]
[  24   11    9   29  103  322 1462 2251 1621  707  190   30    5    0
    0    0    0    0    0    0    0    0    0    0    0]
[  10   10    7   29   42  213  867 1501 1064  469  154   44    2    0
    0    0    0    0    0    0    0    0    0    0    0]
[  17   11   12   23   31  100  575 1019  665  346  175   63    4    0
    0    0    0    0    0    0    0    0    0    0    0]
[  38   28   36   48   42   94  724 1715 1269  538  233   86   10    1
    0    0    0    0    0    0    0    0    0    0    0]
[  45   33   47   61   49  137  916 2982 2845 1291  443   96   25    1
    0    0    0    0    0    0    0    0    0    0    0]
[  18   20   11   24   39   78  700 2536 2675 1398  476  154   29    7
    0    0    0    0    0    0    0    0    0    0    0]
[  11    8   22   43   76   86  668 2890 3578 1882  728  258   80   26
    9    1    2    0    0    0    0    1    0    0    0]
