[ 60 126 189 145 122  74  34  15   2   0   0   0   0   0   0   0   0   0
   0   0   0   0   0   0   0]
[ 64 156 187 177 142 104  54  28   9   2   0   1   0   0   0   0   0   0
   0   0   0   0   0   0   0]
[ 47 118 214 223 204 176 112  45   5   1   0   0   0   0   0   0   0   0
   0   0   0   0   0   0   0]
[ 55  96 158 162 184 197 147  79  18   4   0   0   1   0   0   0   0   0
   0   0   0   0   0   0   0]
[ 39  70  88  90 112 187 172  79  28   0   0   0   0   0   0   0   0   0
   0   0   0   0   0   0   0]
[ 18  41  64  81  89 127 157 108  40   4   2   0   0   0   0   0   0   0
   0   0   0   0   0   0   0]
[ 10  33  46  50  82 157 177 112  59  19   2   0   0   0   0   0   0   0
   0   0   0   0   0   0   0]
[  7  18  16  33  53 125 186 116  39  18   8   3   0   0   0   0   0   0
   0   0   0   0   0   0   0]
[  6   6  20  15  33  77 181 141  54  20   8   1   0   0   0   0   0   0
   0   0   0   0   0   0   0]
[  2   4   7  14  33 104 173 156  74  31  12   2   0   0   0   0   0   0
   0   0   0   0   0   0   0]
[  4   2   3   3  31  86 151 216 107  39  11   0   2   0   0   0   0   0
   0   0   0   0   0   0   0]
[  1   1   1   4  20  67 183 190 126  70  20   1   0   0   0   0   0   0
   0   0   0   0   0   0   0]
[  2   4   2   1   8  67 176 231 163  79  36   4   1   0   0   0   0   0
   0   0   0   0   0   0   0]
[  3   1   2   2   9  37 173 299 207 101  53   6   1   0   0   0   0   0
   0   0   0   0   0   0   0]
[  1   1   1   0   8  40 181 299 255 130  84  24   3   1   0   0   0   0
   0   0   0   0   0   0   0]
[  1   0   2   1   7  27 153 376 333 176 116  34   6   0   0   0   0   0
   0   0   0   0   0   0   0]
[  5   2   1   4   5  17 148 414 364 216 127  76  13   1   0   0   0   0
   0   0   0   0   0   0   0]
[  4   0   0   2   6  24 131 410 454 268 192 104  33   1   0   0   0   0
   0   0   0   0   0   0   0]
[  6   2   2   1   2  12 141 533 694 478 274 123  38   3   3   0   0   0
   0   0   0   0   0   0   0]
[   6    1    3    5    9   19  189  667 1084  856  452  248  148   73
   27    3    0    0    0   20   17    0    0    0    0]
