[115 199 255 230 179  98  54  15  10   2   0   0   0   0   0   0   0   0
   0   0   0   0   0   0   0]
[ 78 185 286 250 204 141  92  30  12   0   0   0   0   0   0   0   0   0
   0   0   0   0   0   0   0]
[ 63 152 258 255 273 249 142  64  10   4   0   0   0   0   0   0   0   0
   0   0   0   0   0   0   0]
[ 58 131 185 198 247 259 223 105  34  12   4   0   0   0   0   0   0   0
   0   0   0   0   0   0   0]
[ 58 118 171 163 217 256 240 157  61  15   1   0   1   0   0   0   0   0
   0   0   0   0   0   0   0]
[ 47  88 110 117 112 197 230 139  59  14   2   0   0   0   0   0   0   0
   0   0   0   0   0   0   0]
[ 33  38  64  64  95 149 160 119  67  21   5   0   0   0   0   0   0   0
   0   0   0   0   0   0   0]
[ 12  26  38  52  81 135 205 163  87  15   8   4   0   0   0   0   0   0
   0   0   0   0   0   0   0]
[  4   8  23  23  59 127 216 160 111  30  10   2   0   0   0   0   0   0
   0   0   0   0   0   0   0]
[  2   4  10  12  45 113 196 185 100  50   9   3   0   0   0   0   0   0
   0   0   0   0   0   0   0]
[  1   1   1   8  39 103 181 199 123  53   7   1   1   1   0   0   0   0
   0   0   0   0   0   0   0]
[  7   2   1   9  24  73 203 264 159  70  18   0   0   1   0   0   0   0
   0   0   0   0   0   0   0]
[  2   0   0   1  22  84 204 264 188 102  40   9   2   0   0   0   0   0
   0   0   0   0   0   0   0]
[  1   2   1   3  14  67 213 304 203 123  64  12   2   1   0   0   0   0
   0   0   0   0   0   0   0]
[  2   0   0   2  16  47 210 356 266 151  89  28   2   0   0   0   0   0
   0   1   4   0   0   0   0]
[  1   0   2   5  10  56 208 452 310 197 147  43   7   2   0   0   0   0
   0   1   2   0   0   0   0]
[  0   1   5   1   7  26 158 444 398 239 167  90  23   1   0   0   0   0
   0   5   0   0   0   0   0]
[  4   4   2   4   5  24 185 454 532 358 229 124  43   6   1   0   1   0
   3   4   9   0   0   0   0]
[  2   0   3   3   7  32 203 644 851 536 295 156  45   4   0   1   0   0
   0  16  11   0   0   0   0]
[   3    4    0    8    7   17  200  768 1089  780  448  251  120   46
   17   11    1    1    1   31   42    0    0    0    0]
