[1336 2116 1879 2164 2127 2607 3102 3465  871  171   16    0    0    1
    1    0    0    0    0    0    0    0    0    0    0]
[ 998 1305 1603 1733 1847 2224 3310 3353  864  172   28    4    0    0
    0    0    0    0    0    0    0    0    0    0    0]
[ 721  904 1055 1235 1557 2005 2683 2864  780  204   20    2    2    1
    0    1    0    0    0    0    0    0    0    0    0]
[ 518  620  702  849 1322 1712 2430 2745  789  153   27    2    0    2
    0    0    0    0    0    0    0    0    0    0    0]
[ 380  366  418  566  969 1443 2072 2409  660  148   29    6    0    6
    3    0    0    0    0    0    0    0    0    0    0]
[ 237  195  198  341  754 1328 1822 2140  678  164   21    3    1    1
    4    1    0    0    0    0    0    0    0    0    0]
[ 164  128  116  239  532  916 1594 1940  691  165   36    5    3    3
    6    2    0    0    0    0    0    0    0    0    0]
[ 124   67   76  165  408  818 1345 1591  640  190   30   14    3    2
    1    0    0    0    0    0    0    0    0    0    0]
[ 102   58   48  113  341  659 1167 1712  602  216   46   13    3    1
    3    0    0    0    0    0    0    0    0    0    0]
[  75   34   32   95  227  527 1215 1160  561  149   49   10    7    5
    0    0    0    0    0    0    0    0    0    0    0]
[ 58  25  27  66 156 360 738 919 427 142  50  10   5   0   0   0   0   0
   0   0   0   0   0   0   0]
[ 27  21   5  34  86 250 488 605 342 183  53  22   5   0   1   0   0   0
   0   0   0   0   0   0   0]
[  4   5   7  22  55 154 422 530 329 132  57  21  10   3   1   0   0   0
   0   0   0   0   0   0   0]
[  4   2   2  13  19  56 188 312 235 139  51  20  14   6   1   0   0   0
   0   0   0   0   0   0   0]
[  1   2   1   3   7  24 119 214 164 104  33  15   7   4   1   0   0   0
   0   0   0   0   0   0   0]
[  1   0   0   4   1  27  44 103 108  61  30   8   8   4   4   1   0   0
   0   1   0   0   0   0   0]
[ 0  1  0  1  4  7 35 83 82 40 15 12  1  2  0  1  0  0  0  1  0  0  0  0
  0]
[ 2  0  0  0  0  4  8 33 38 25 12  3  1  0  0  0  0  0  0  0  0  0  0  0
  0]
[ 0  0  0  0  0  0  7 18 39 34 12  2  1  0  0  0  0  0  0  0  0  0  0  0
  0]
[ 0  0  0  0  0  2  4 18 15 18 13  2  0  0  0  0  0  0  0  0  0  0  0  0
  0]
