[ 57  84  75  87 138 141  79  52   8   1   0   0   0   0   0   0   0   0
   0   0   0   0   0   0   0]
[ 75 108 115 116  89 154 124 115  38   3   0   0   0   0   0   0   0   0
   0   0   0   0   0   0   0]
[ 43  52  85  86 108 115 191 207 104  37   6   0   0   0   0   0   0   0
   0   0   0   0   0   0   0]
[ 26  33  43  52  75 108 210 336 191  60   7   2   0   0   0   0   0   0
   0   0   0   0   0   0   0]
[ 11  29  34  26  53  93 253 395 188  65  23   6   0   0   0   0   0   0
   0   0   0   0   0   0   0]
[ 15  47  38  47  47 103 223 352 269 111  25   2   0   1   0   0   0   0
   0   0   0   0   0   0   0]
[ 12  20  26  44  56 142 249 321 324 121  27   4   0   0   0   0   0   0
   0   0   0   0   0   0   0]
[ 11  12  17  30  40 394 168 322 435 143  30   2   0   0   0   0   0   0
   0   0   0   0   0   0   0]
[  6   2   4  17  23  80 146 187 162  69  22   6   3   0   0   0   0   0
   0   0   0   0   0   0   0]
[  4   6  12  15  44 130 153 183 126  96  45  11   1   0   0   0   0   0
   0   0   0   0   0   0   0]
[  4   1   1   3  15  76 172 172 192  90  36  17   3   0   0   0   0   0
   0   0   0   0   0   0   0]
[  3   1   4   5   7  44 138 215 180 101  36   9   2   1   0   0   0   0
   0   0   0   0   0   0   0]
[  1   0   2   3  13  46 122 206 130 112  33   9   3   1   0   0   0   0
   0   0   0   0   0   0   0]
[  1   2   0   0   6  31  88 170 107  83  34   9   8   1   0   0   0   0
   0   0   6   0   0   0   0]
[  4   4   2   0   4  14  79 154 151  97  52  17   8   3   0   0   0   0
   0   5   8   0   0   0   0]
[  8   6   2   0   4   8  53 149 170 124  66  24   3   0   0   0   0   0
   0   0   0   0   0   0   0]
[  3   0   2   3   1  17  45 138 148 129  60  24   7   0   0   0   0   0
   0   0   0   0   0   0   0]
[  1   2   3   5   5  13  45 117 171 124  77  43   9   6   0   0   0   0
   0   0   0   0   0   0   0]
[  3   2   1   4  11  16  51 115 150 111  88  70  30  11   3   0   0   0
   0   4   0   0   0   0   0]
[  2   2   1   0   2   6  55 129 189 173 161 136  73  45  27  15  16   8
   3   9   9   0   0   0   0]
