[108 176 294 255 195 164 182 118  32   6   1   0   0   0   0   0   0   0
   0   0   0   0   0   0   0]
[ 95 189 265 282 241 207 255 195  52  12   3   0   0   0   0   0   0   0
   0   0   0   0   0   0   0]
[ 59 101 170 201 210 223 267 292  93  28   1   0   0   0   0   0   0   0
   0   0   0   0   0   0   0]
[ 72 119 177 191 215 304 331 353 161  34   5   1   1   0   0   0   0   0
   0   0   0   0   0   0   0]
[ 83 123 182 194 230 275 402 424 224  96  16   3   0   1   1   0   0   0
   0   0   0   0   0   0   0]
[ 42  64  87 106 115 201 379 475 256  79  14   5   0   1   0   0   0   0
   0   0   0   0   0   0   0]
[ 15  36  41  58  78 162 343 471 276  79  21   8   1   0   0   0   0   0
   0   0   0   0   0   0   0]
[ 17  16  32  41  70 146 334 435 258 109  23   3   1   1   0   0   0   0
   0   0   0   0   0   0   0]
[ 14  17  21  28  68 151 317 504 240 110  41   9   5   0   1   0   0   0
   0   0   0   0   0   0   0]
[  8   2  12  19  61 119 288 419 272 114  41   8   3   0   0   0   0   0
   0   0   0   0   0   0   0]
[  6   4   6   9  24 101 244 372 262 148  47  17   5   0   0   0   0   0
   0   0   0   0   0   0   0]
[  8   3   3   6  24  99 216 335 246 182  43  17   7   0   0   0   0   0
   0   0   0   0   0   0   0]
[  6   4   1   9  16  84 246 334 321 196  62  23   5   2   0   0   0   0
   0   0   0   0   0   0   0]
[  7   6   2   6  10  49 234 377 351 271 132  39  14   2   1   0   0   0
   0   0   0   0   0   0   0]
[  1   1   3   2   7  33 178 369 404 294 121  39  19   2   0   0   0   0
   0   0   0   0   0   0   0]
[  1   4   2   3   5  29 146 346 363 272 150  52  14   1   0   0   0   0
   0   0   0   0   0   0   0]
[  6   2   1   2   8  30 138 327 350 311 155  66  14   4   0   0   0   0
   0   0   0   0   0   0   0]
[  3   0   1   2   5  11  84 320 384 312 179  78  30   7   3   1   0   0
   0   1   2   0   0   0   0]
[  0   1   0   2   2  12  84 308 428 382 268 126  50   8   0   1   1   0
   0   1   4   0   0   0   0]
[  1   1   0   1   2  14  94 354 551 543 460 271  95  30  13   4   1   1
   0   8  15   0   0   0   0]
