[370 644 950 878 612 448 237  87  16   4   1   0   0   0   0   0   0   0
   0   0   0   0   0   0   0]
[328 627 958 984 822 582 374 164  54  12   1   0   0   0   0   0   0   0
   0   0   0   0   0   0   0]
[335 604 923 983 975 853 598 326 109  30   6   0   0   0   0   0   0   0
   0   0   0   0   0   0   0]
[ 281  495  777  886 1034 1028  917  483  218   55   11    2    1    0
    0    0    0    0    0    0    0    0    0    0    0]
[255 436 588 705 876 980 974 642 311  65  13   2   0   0   0   0   0   0
   0   0   0   0   0   0   0]
[198 301 364 454 583 758 888 643 362  94  15   2   0   0   0   0   0   0
   0   0   0   0   0   0   0]
[103 190 270 310 430 579 778 717 400 185  31   1   0   0   0   0   0   0
   0   0   0   0   0   0   0]
[ 69 115 171 233 370 528 770 736 474 250  41   8   0   0   0   0   0   0
   0   1   0   0   0   0   0]
[ 50  78 106 149 269 495 731 762 547 220  75  11   1   1   0   0   0   0
   0   3   0   0   0   0   0]
[ 21  41  66 104 207 400 689 786 634 297  72  23   5   0   0   0   0   0
   0   1   0   0   0   0   0]
[ 16  17  21  44 124 314 607 820 618 340 114  36   4   4   0   0   0   0
   0   0   0   0   0   0   0]
[  6  14  14  26  83 283 629 917 752 421 170  36   5   1   2   0   0   0
   0   1   4   0   0   0   0]
[   7   13   12   22   73  262  689 1012  828  543  238   68   12    0
    1    0    0    0    0    1    3    0    0    0    0]
[   7    5    7   11   59  216  697 1237 1061  720  327   81   19    2
    1    0    0    0    0    2    7    0    0    0    0]
[   7    5    2    8   30  156  593 1251 1193  853  401  135   30    6
    1    0    0    0    0    2    6    0    0    0    0]
[   7    4    7   12   26  121  575 1325 1299  952  528  203   50    8
    4    0    0    0    0    6    5    0    0    0    0]
[   5    7    2    9   23  101  556 1392 1488 1118  674  282   65   19
    3    0    0    1    1    3   21    0    0    0    0]
[   7    2    7    8   15   74  574 1692 1952 1425  892  438  109   12
    2    0    0    0    2   11   16    0    0    0    0]
[   1    4    4   10   12   69  560 1924 2372 1894 1248  653  208   35
   15    6    0    0    1   11   57    0    0    0    0]
[   1    2    4    5   21   71  585 2273 3203 2858 2101 1294  469  116
   40   17    6    1    1   23   75    0    0    0    0]
