[ 393  829 1366 1572 1325 1089  673  262   59   15    6    0    0    0
    0    0    0    0    0    0    0    0    0    0    0]
[156 313 492 654 679 553 494 190  49   9   2   0   0   0   0   0   0   0
   0   0   0   0   0   0   0]
[ 94 138 233 274 363 443 376 197  44  10   2   0   0   0   0   0   0   0
   0   0   0   0   0   0   0]
[153 288 393 502 643 866 807 441 174  30   4   0   0   0   0   0   0   0
   0   0   0   0   0   0   0]
[ 138  273  449  514  686 1042 1270  789  318   68    9    3    0    0
    0    0    0    0    0    0    0    0    0    0    0]
[ 78 149 192 299 378 676 908 703 291  81  15   2   0   0   0   0   0   0
   0   0   0   0   0   0   0]
[ 22  53  73  80 151 285 477 337 145  40   7   0   0   0   0   0   0   0
   0   0   0   0   0   0   0]
[ 13  28  64  77 141 430 710 545 295  92  33   6   0   0   0   0   0   0
   0   0   0   0   0   0   0]
[  15   20   31   78  181  561 1229 1045  556  181   41    7    0    1
    0    0    0    0    0    0    0    0    0    0    0]
[  10    6   23   50  137  400 1128 1176  677  227   40    4    0    0
    0    0    0    0    0    0    0    0    0    0    0]
[  4   5   7  27  69 229 580 656 444 183  38   8   1   0   0   0   0   0
   0   0   0   0   0   0   0]
[  6   3   6  15  43 164 486 582 392 190  58   5   1   0   0   0   0   0
   0   0   0   0   0   0   0]
[  7   4   6  12  43 183 655 916 695 274  84  21   3   0   0   0   0   0
   0   0   0   0   0   0   0]
[   7    8    7   15   28  157  660 1051  785  347  104   22    3    0
    0    0    0    0    0    0    0    0    0    0    0]
[  5   1   5   9  22  80 410 739 527 250 107  18   4   0   0   0   0   0
   0   0   0   0   0   0   0]
[ 12   4   5  11  14  49 281 564 427 241 101  36   6   0   0   0   0   0
   0   0   0   0   0   0   0]
[ 10  10   6  13  17  45 336 847 707 292 156  50  12   3   0   0   0   0
   0   0   0   0   0   0   0]
[  31   16   22   23   25   54  472 1471 1459  669  243   92   26    3
    0    0    0    0    0    0    0    0    0    0    0]
[  24    9   22   20   28   37  379 1395 1703  863  309   81   20    4
    0    0    0    0    0    0    0    0    0    0    0]
[  14    3   10   16   29   28  298 1380 1864 1084  429  145   56   13
    9    4    2    0    0    0    0    0    0    0    0]
