[31 40 79 57 66 61 80 37  3  0  0  0  0  0  0  0  0  0  0  0  0  0  0  0
  0]
[ 24  57  72  94  81 100 125  99  23   7   1   0   0   0   0   0   0   0
   0   0   0   0   0   0   0]
[ 81 101 113 106 105 124 220 153  39  12   1   0   0   0   0   0   0   0
   0   0   0   0   0   0   0]
[ 76  97 114 125 123 146 224 176  83  19   7   0   0   0   0   0   0   0
   0   0   0   0   0   0   0]
[ 59  85  73 109  84 120 122 140 103  37   5   0   1   0   0   0   0   0
   0   0   0   0   0   0   0]
[ 28  41  66  58  87  97 132 134  92  42  10   0   0   0   0   0   0   0
   0   0   0   0   0   0   0]
[ 30  30  47  50  65  93 139 129  96  36  10   0   0   0   0   0   0   0
   0   0   0   0   0   0   0]
[  9  17  25  27  59  93 148 198 129  39  15   1   0   0   0   0   0   0
   0   0   0   0   0   0   0]
[ 11  13  10  22  49  86 139 248 170  76  12   3   0   0   1   0   0   0
   0   0   0   0   0   0   0]
[ 14  11   8  16  25  72 158 246 197  82  19   3   0   0   0   0   0   0
   0   0   0   0   0   0   0]
[  5   2   4   9  27  62 169 227 156  84  20   4   0   0   0   0   0   0
   0   0   0   0   0   0   0]
[  7   6   5   2  24  58 171 266 189  98  26   4   5   0   0   0   0   0
   0   0   1   0   0   0   0]
[  9   6   6  13  14  63 160 248 205 114  32   6   7   4   0   0   0   0
   0   0   0   0   0   0   0]
[  6   4   6   1  15  45 147 300 267 142  54  16   5   3   0   0   0   0
   0   0   0   0   0   0   0]
[  4   4   6   9   8  32 133 304 323 144  63  19   6   2   0   0   0   0
   0   1   0   0   0   0   0]
[  9   4   5   7   6  27 109 233 310 161  72  31   7   4   0   0   0   0
   0   0   0   0   0   0   0]
[  9   4   1   2   9  22 108 218 252 168  90  26  14  12   1   0   0   0
   0   3   0   0   0   0   0]
[  1   3   2   1   7  12  77 228 301 209 101  28  12   5   0   1   0   0
   0   0   0   0   0   0   0]
[  5   0   1   6   8  11  79 247 346 255 113  48  13  13   2   0   0   0
   0   2   0   0   0   0   0]
[  5   1   1   2   6  14  74 240 374 328 177  73  30  13   3   2   0   0
   1   9   2   0   0   0   0]
