[ 241  551  908 1038  870  677  438  174   37   10    3    0    0    0
    0    0    0    0    0    0    0    0    0    0    0]
[ 75 145 273 365 370 284 277  90  22   4   1   0   0   0   0   0   0   0
   0   0   0   0   0   0   0]
[ 56  88 153 178 237 294 226 106  26   3   2   0   0   0   0   0   0   0
   0   0   0   0   0   0   0]
[103 199 270 343 487 624 577 284 110  16   4   0   0   0   0   0   0   0
   0   0   0   0   0   0   0]
[ 96 173 321 347 475 787 904 540 245  43   9   1   0   0   0   0   0   0
   0   0   0   0   0   0   0]
[ 48 100 107 185 229 409 568 431 171  50  11   1   0   0   0   0   0   0
   0   0   0   0   0   0   0]
[ 16  28  45  52  97 166 290 188  66  22   2   0   0   0   0   0   0   0
   0   0   0   0   0   0   0]
[  4  16  32  43  99 291 503 321 156  40  16   1   0   0   0   0   0   0
   0   0   0   0   0   0   0]
[  8  13  14  57 137 400 876 722 367 117  28   3   0   1   0   0   0   0
   0   0   0   0   0   0   0]
[  4   2  13  31  77 288 871 873 452 140  22   1   0   0   0   0   0   0
   0   0   0   0   0   0   0]
[  1   4   6  15  38 150 356 367 248 110  18   6   1   0   0   0   0   0
   0   0   0   0   0   0   0]
[  3   2   6  13  32 117 383 378 220 103  25   2   1   0   0   0   0   0
   0   0   0   0   0   0   0]
[  3   3   5  11  30 126 478 620 441 149  41  16   1   0   0   0   0   0
   0   0   0   0   0   0   0]
[  7   4   5  11  17 105 462 772 552 211  62  14   1   0   0   0   0   0
   0   0   0   0   0   0   0]
[  5   1   3   3  13  51 261 461 305 153  61  11   3   0   0   0   0   0
   0   0   0   0   0   0   0]
[ 11   3   5  11   8  35 214 401 275 148  61  17   4   0   0   0   0   0
   0   0   0   0   0   0   0]
[  7   8   4   7  14  29 236 639 467 179  89  33   9   2   0   0   0   0
   0   0   0   0   0   0   0]
[  19   10   12   13   13   33  354 1039 1041  472  151   53   20    2
    0    0    0    0    0    0    0    0    0    0    0]
[  16    6   13   11   13   19  243  933 1063  520  187   55   13    2
    0    0    0    0    0    0    0    0    0    0    0]
[   8    3    9   13   19   22  234 1075 1383  736  265   96   34    4
    7    4    1    0    0    0    0    0    0    0    0]
