[18 25 23 24 26 20  7  4  4  0  0  0  0  0  0  0  0  0  0  0  0  0  0  0
  0]
[ 9 19 28 27 29 31 12  4  1  0  0  0  0  0  0  0  0  0  0  0  0  0  0  0
  0]
[ 9 14 21 18 19 22  7  6  1  1  1  0  0  0  0  0  0  0  0  0  0  0  0  0
  0]
[11 21 35 49 40 34 35 16  8  4  1  0  0  0  0  0  0  0  0  0  0  0  0  0
  0]
[ 6 10 21 22 21 36 37 24 18  0  1  0  0  0  0  0  0  0  0  0  0  0  0  0
  0]
[ 6 11 19 19 22 20 22 17  7  5  1  0  0  0  0  0  0  0  0  0  0  0  0  0
  0]
[ 9  4 11 19 20 23 24 32  9  6  0  0  1  0  0  0  0  0  0  0  0  0  0  0
  0]
[ 2  6  9  5 13 42 32 40 26 17  3  1  0  0  0  0  0  0  0  0  0  0  0  0
  0]
[ 2  2  4 11  8 22 45 45 20 15  4  0  0  0  0  0  0  0  0  0  0  0  0  0
  0]
[ 1  2  1  3  6 11 23 25 20  4  1  1  0  0  0  0  0  0  0  0  0  0  0  0
  0]
[ 1  0  1  1  2 11 23 32 16  7  0  0  0  0  0  0  0  0  0  0  0  0  0  0
  0]
[ 0  0  1  0  1 10 34 36 30 18 11  1  1  0  0  0  0  0  0  0  0  0  0  0
  0]
[ 1  0  2  0  1 10 31 45 28 16 13  2  0  0  0  0  0  0  0  0  0  0  0  0
  0]
[ 0  0  0  0  2  8 23 39 37 20 12  3  0  0  0  0  0  0  0  0  0  0  0  0
  0]
[ 0  0  0  0  0 10 20 46 40 18 13  3  0  0  0  0  0  0  0  0  0  0  0  0
  0]
[ 2  0  1  1  2  1 24 41 35 24 17  7  2  3  0  0  0  0  0  0  0  0  0  0
  0]
[ 0  0  0  2  1  8 24 68 77 34 26  6  2  0  0  0  0  0  0  0  0  0  0  0
  0]
[ 0  0  0  0  2  5 19 58 73 45 19 11  6  0  0  0  0  0  0  0  0  0  0  0
  0]
[ 0  1  0  0  1  3 33 73 87 70 37 19  5  1  1  0  0  0  0  0  0  0  0  0
  0]
[  0   1   0   0   0   3  30 116 147 103  55  29  16   5   2   1   0   0
   0   0   0   0   0   0   0]
