[246 557 887 910 696 510 322  96  24   3   1   0   0   0   0   0   0   0
   0   0   0   0   0   0   0]
[ 242  560  960 1059 1003  846  575  185   36    2    2    0    0    0
    0    0    0    0    0    0    0    0    0    0    0]
[ 75 163 235 309 378 390 329 113  14   0   0   0   0   0   0   0   0   0
   0   0   0   0   0   0   0]
[ 42 116 181 183 250 288 273 129  24   7   0   0   0   0   0   0   0   0
   0   0   0   0   0   0   0]
[ 54 124 184 209 240 414 455 189  90  15   1   0   0   0   0   0   0   0
   0   0   0   0   0   0   0]
[ 58 135 225 256 332 592 773 471 142  24   5   1   0   0   0   0   0   0
   0   0   0   0   0   0   0]
[ 28  64 117 109 239 419 751 506 124  28   3   0   0   0   0   0   0   0
   0   0   0   0   0   0   0]
[  8  11  29  39 115 219 330 192  57  12   0   0   0   0   0   0   0   0
   0   0   0   0   0   0   0]
[  1   3  17  29  75 220 386 287  99  30   6   1   0   0   0   0   0   0
   0   0   0   0   0   0   0]
[  6  12  16  38  98 228 568 537 258  89  15   0   0   0   0   0   0   0
   0   0   0   0   0   0   0]
[  6   7  17  40 139 331 798 875 412 139  17   1   0   0   0   0   0   0
   0   0   0   0   0   0   0]
[  4   3   7  21  56 183 454 548 224  64  17   0   0   0   0   0   0   0
   0   0   0   0   0   0   0]
[  4   3   3  10  23  89 271 307 138  69  28   4   0   0   0   0   0   0
   0   0   0   0   0   0   0]
[ 12   6   6  11  26  73 329 471 248 113  40   7   0   0   0   0   0   0
   0   0   0   0   0   0   0]
[ 18  17  16  29  36 146 585 922 631 244  98  18   3   0   0   0   0   0
   0   0   0   0   0   0   0]
[  4   1   2  11  23  75 360 659 389 148  81  25   1   0   0   0   0   0
   0   0   0   0   0   0   0]
[ 10   5   3   9  20  41 220 432 304 124  59  29   5   1   0   0   0   0
   0   0   0   0   0   0   0]
[  18   14   20   25   25   37  374 1061  903  354  119   62   17    0
    0    0    0    0    0    0    0    0    0    0    0]
[  45   28   45   53   60   94  604 1944 1835  839  271   90   24    3
    0    0    0    0    0    0    0    0    0    0    0]
[   6    3   11   13   27   54  334 1029 1212  585  220   86   28    8
    6    4    0    0    0    0    0    0    0    0    0]
