[26 25 44 26 36 32 59 29  3  0  0  0  0  0  0  0  0  0  0  0  0  0  0  0
  0]
[14 30 39 50 48 69 98 83 20  2  0  0  0  0  0  0  0  0  0  0  0  0  0  0
  0]
[ 68  71  82  68  72  88 176 120  28   5   1   0   0   0   0   0   0   0
   0   0   0   0   0   0   0]
[ 66  80  88  82  79  96 167 142  67  18   6   0   0   0   0   0   0   0
   0   0   0   0   0   0   0]
[ 51  78  66  94  74  92  91 104  75  26   3   0   1   0   0   0   0   0
   0   0   0   0   0   0   0]
[ 26  32  58  51  68  70 102  98  67  30   4   0   0   0   0   0   0   0
   0   0   0   0   0   0   0]
[ 28  26  44  45  56  68 102  92  47  21   5   0   0   0   0   0   0   0
   0   0   0   0   0   0   0]
[  9  15  24  24  55  71 101 139  83  19   9   1   0   0   0   0   0   0
   0   0   0   0   0   0   0]
[ 10  10   7  19  43  63  94 155  90  35   3   1   0   0   1   0   0   0
   0   0   0   0   0   0   0]
[ 12   7   7  13  20  53  97 145  84  47  13   2   0   0   0   0   0   0
   0   0   0   0   0   0   0]
[  3   1   3   7  21  48 104 129  80  46  12   2   0   0   0   0   0   0
   0   0   0   0   0   0   0]
[  7   5   4   2  19  42 112 157 111  63  16   2   4   0   0   0   0   0
   0   0   1   0   0   0   0]
[  7   6   3  12  11  44  90 128 103  60  18   3   3   1   0   0   0   0
   0   0   0   0   0   0   0]
[  6   4   5   0  10  28  77 134 123  63  17  10   3   1   0   0   0   0
   0   0   0   0   0   0   0]
[  2   2   6   8   5  17  61 122 136  66  22   8   3   1   0   0   0   0
   0   1   0   0   0   0   0]
[  5   3   5   5   5  17  60 128 144  79  28  12   4   3   0   0   0   0
   0   0   0   0   0   0   0]
[  8   2   1   0   5  11  52 118 120  76  37  11   7   4   0   0   0   0
   0   0   0   0   0   0   0]
[  0   2   0   0   6   5  38 112 137 103  44  10   4   2   0   1   0   0
   0   0   0   0   0   0   0]
[  4   0   1   5   7   6  50 134 196 152  54  21   1   3   0   0   0   0
   0   1   0   0   0   0   0]
[  4   1   0   1   5   8  43 130 231 205 108  47  16   9   1   0   0   0
   0   6   2   0   0   0   0]
