[ 86 122 196 155 114 102  98  62  18   4   1   0   0   0   0   0   0   0
   0   0   0   0   0   0   0]
[ 76 151 198 207 170 141 166 100  24   8   1   0   0   0   0   0   0   0
   0   0   0   0   0   0   0]
[ 38  75  98 118 114 141 145 124  43  16   1   0   0   0   0   0   0   0
   0   0   0   0   0   0   0]
[ 61  80 115 117 135 189 186 183  47  20   3   0   1   0   0   0   0   0
   0   0   0   0   0   0   0]
[ 77 101 149 149 175 211 250 238  87  37   5   2   0   1   1   0   0   0
   0   0   0   0   0   0   0]
[ 42  49  74  91  91 151 270 317 159  39  10   5   0   1   0   0   0   0
   0   0   0   0   0   0   0]
[ 13  32  35  49  51 114 250 309 198  56  11   4   1   0   0   0   0   0
   0   0   0   0   0   0   0]
[ 15  14  28  35  55 110 218 298 178  67  17   2   0   1   0   0   0   0
   0   0   0   0   0   0   0]
[ 11  12  20  21  55 106 228 338 164  89  32   5   4   0   1   0   0   0
   0   0   0   0   0   0   0]
[  5   2  10  16  45  88 201 269 170  68  30   5   3   0   0   0   0   0
   0   0   0   0   0   0   0]
[  5   3   3   4  19  77 173 233 157 100  31  10   5   0   0   0   0   0
   0   0   0   0   0   0   0]
[  4   2   3   5  16  65 132 218 164 137  33  13   4   0   0   0   0   0
   0   0   0   0   0   0   0]
[  2   4   1   6  11  53 150 219 223 139  40  17   5   1   0   0   0   0
   0   0   0   0   0   0   0]
[  3   4   2   3   9  37 156 246 217 181  90  27   8   0   0   0   0   0
   0   0   0   0   0   0   0]
[  1   1   2   2   7  25 123 251 262 188  76  24  10   0   0   0   0   0
   0   0   0   0   0   0   0]
[  0   2   1   2   4  15  96 220 202 159  89  30   7   1   0   0   0   0
   0   0   0   0   0   0   0]
[  3   0   1   2   4  15  91 237 248 217 101  51  11   3   0   0   0   0
   0   0   0   0   0   0   0]
[  1   0   1   1   4   3  63 223 269 215 126  49  22   3   1   1   0   0
   0   1   2   0   0   0   0]
[  0   1   0   0   2   6  53 231 312 303 205  91  35   7   0   1   1   0
   0   1   4   0   0   0   0]
[  0   0   0   0   1   9  69 250 380 345 314 203  67  23   7   2   1   0
   0   2   2   0   0   0   0]
