[116 233 330 272 228 208  90  38  10   3   0   0   0   0   0   0   0   0
   0   0   0   0   0   0   0]
[120 251 505 537 530 382 283 105  30   5   1   1   0   0   0   0   0   0
   0   0   0   0   0   0   0]
[ 26  71 108 127 153 177 146  63  17   3   0   0   0   0   0   0   0   0
   0   0   0   0   0   0   0]
[ 8 18 31 36 44 52 66 35  6  0  1  0  0  0  0  0  0  0  0  0  0  0  0  0
  0]
[19 26 60 52 55 79 98 50 15  5  0  0  0  0  0  0  0  0  0  0  0  0  0  0
  0]
[ 28  71  80 116 130 212 362 222  86  14   2   0   0   0   0   0   0   0
   0   0   0   0   0   0   0]
[ 20  34  44  61  83 209 381 238  98  31   0   0   0   0   0   0   0   0
   0   0   0   0   0   0   0]
[  2   3   7  12  30  75 112  90  20   4   0   1   0   0   0   0   0   0
   0   0   0   0   0   0   0]
[ 1  1  1  2  6 26 47 48 27  5  2  0  0  0  0  0  0  0  0  0  0  0  0  0
  0]
[  4   1   4  11  17  65 166 138  83  21   4   0   0   0   0   0   0   0
   0   0   0   0   0   0   0]
[  7   5   5  29  46 125 361 432 234  86  21   0   0   0   0   0   0   0
   0   0   0   0   0   0   0]
[  0   2   2   5  17  60 188 217 113  49  10   0   0   0   0   0   0   0
   0   0   0   0   0   0   0]
[ 2  1  0  1  2 20 37 61 34 13  9  0  0  0  0  0  0  0  0  0  0  0  0  0
  0]
[ 4  1  1  2  6 23 76 85 51 17 13  4  1  0  0  0  0  0  0  0  0  0  0  0
  0]
[ 12   4   7  11  22  62 212 358 228 118  33   7   0   0   0   0   0   0
   0   0   0   0   0   0   0]
[  3   1   2   8  11  29 120 269 201  81  19   8   3   0   0   0   0   0
   0   0   0   0   0   0   0]
[ 0  1  0  2  5  3 31 68 55 21 18 10  3  1  0  0  0  0  0  0  0  0  0  0
  0]
[  7   4   4   3   3   8  61 177 170  76  36  14   5   0   0   0   0   0
   0   0   0   0   0   0   0]
[ 33  13  22  22  24  36 200 657 737 362 125  27  12   1   0   0   0   0
   0   0   0   0   0   0   0]
[  6   4   1   6   8   7  95 413 602 282  95  25  10   1   3   1   0   0
   0   0   0   0   0   0   0]
