[29 75 99 91 72 53 20 11  2  0  0  0  0  0  0  0  0  0  0  0  0  0  0  0
  0]
[ 38  83 111  96  88  67  37  16   5   1   0   0   0   0   0   0   0   0
   0   0   0   0   0   0   0]
[ 30  73 107 126  97 104  57  20   1   1   0   0   0   0   0   0   0   0
   0   0   0   0   0   0   0]
[ 24  49  73  74  97 104  74  37  11   1   0   0   1   0   0   0   0   0
   0   0   0   0   0   0   0]
[ 20  42  44  43  62 101  90  42  15   0   0   0   0   0   0   0   0   0
   0   0   0   0   0   0   0]
[10 28 38 49 47 89 90 67 16  2  1  0  0  0  0  0  0  0  0  0  0  0  0  0
  0]
[  7  20  30  32  50 101 104  68  35  11   1   0   0   0   0   0   0   0
   0   0   0   0   0   0   0]
[  4   8   7  16  29  74 102  63  14   5   4   1   0   0   0   0   0   0
   0   0   0   0   0   0   0]
[  4   5  14  11  18  47 111  77  37  12   4   1   0   0   0   0   0   0
   0   0   0   0   0   0   0]
[  2   2   7  11  19  50 112  97  44  13   5   2   0   0   0   0   0   0
   0   0   0   0   0   0   0]
[  3   1   2   1  16  55  99 127  68  23   6   0   1   0   0   0   0   0
   0   0   0   0   0   0   0]
[  1   0   0   2  10  41 117 103  68  37   9   0   0   0   0   0   0   0
   0   0   0   0   0   0   0]
[  1   2   2   0   4  32 107 128  95  49  13   4   1   0   0   0   0   0
   0   0   0   0   0   0   0]
[  2   0   2   1   7  22 104 162 120  58  26   2   0   0   0   0   0   0
   0   0   0   0   0   0   0]
[  1   1   1   0   5  28 103 160 144  67  36  12   2   1   0   0   0   0
   0   0   0   0   0   0   0]
[  1   0   0   0   5  19  87 218 191  96  53  17   3   0   0   0   0   0
   0   0   0   0   0   0   0]
[  5   2   0   3   3  10  99 236 220 117  77  44   6   0   0   0   0   0
   0   0   0   0   0   0   0]
[  2   0   0   2   4  11  94 243 261 160 122  62  17   1   0   0   0   0
   0   0   0   0   0   0   0]
[  6   2   2   1   0   9 101 315 390 276 149  69  23   2   1   0   0   0
   0   0   0   0   0   0   0]
[  6   0   1   3   6  10 116 401 614 429 215 123  71  36  13   1   0   0
   0   6   1   0   0   0   0]
