[ 46  63  63  79 106 131  78  52   8   1   0   0   0   0   0   0   0   0
   0   0   0   0   0   0   0]
[ 68  82  74  85  71 127 115 113  37   2   0   0   0   0   0   0   0   0
   0   0   0   0   0   0   0]
[ 32  43  59  49  73  88 166 191  96  36   5   0   0   0   0   0   0   0
   0   0   0   0   0   0   0]
[ 23  29  33  41  57  85 164 252 136  48   7   2   0   0   0   0   0   0
   0   0   0   0   0   0   0]
[  6  21  25  15  32  67 174 274 138  44  13   6   0   0   0   0   0   0
   0   0   0   0   0   0   0]
[  9  39  34  39  33  71 149 197 184  93  16   2   0   1   0   0   0   0
   0   0   0   0   0   0   0]
[ 11  17  21  37  44 102 162 216 241 109  23   4   0   0   0   0   0   0
   0   0   0   0   0   0   0]
[  6  10  11  27  31  74 140 294 418 132  26   2   0   0   0   0   0   0
   0   0   0   0   0   0   0]
[  6   1   3  11  12  62 126 152 144  58  21   6   3   0   0   0   0   0
   0   0   0   0   0   0   0]
[  1   6  10  11  32 101 110 131  96  65  33  10   1   0   0   0   0   0
   0   0   0   0   0   0   0]
[  2   1   1   3  12  44 117 129 156  66  26  16   3   0   0   0   0   0
   0   0   0   0   0   0   0]
[  3   0   3   4   4  32 108 166 151  89  34   9   2   1   0   0   0   0
   0   0   0   0   0   0   0]
[  1   0   2   2  11  38  80 133 107 103  32   8   2   1   0   0   0   0
   0   0   0   0   0   0   0]
[  1   2   0   0   1  14  59 141  90  70  29   7   5   1   0   0   0   0
   0   0   6   0   0   0   0]
[  4   2   1   0   3  12  59 114 109  76  46  14   5   2   0   0   0   0
   0   5   8   0   0   0   0]
[  5   4   2   0   2   6  33 106  93  93  57  20   2   0   0   0   0   0
   0   0   0   0   0   0   0]
[  3   0   2   3   1  15  34 101 105  94  40  21   5   0   0   0   0   0
   0   0   0   0   0   0   0]
[  1   2   3   5   5  10  32  79 109  95  63  31   5   4   0   0   0   0
   0   0   0   0   0   0   0]
[  3   2   1   3  11  15  43  84 100  80  67  47  18   7   3   0   0   0
   0   4   0   0   0   0   0]
[  1   2   1   0   2   5  44  94 138 131 130 121  64  38  27  15  15   8
   3   1   3   0   0   0   0]
