[299 526 789 757 521 393 209  70  16   4   1   0   0   0   0   0   0   0
   0   0   0   0   0   0   0]
[254 519 816 840 692 489 313 141  49  11   1   0   0   0   0   0   0   0
   0   0   0   0   0   0   0]
[277 493 789 839 844 723 517 283  98  27   6   0   0   0   0   0   0   0
   0   0   0   0   0   0   0]
[232 418 654 752 878 875 789 412 199  52  11   1   0   0   0   0   0   0
   0   0   0   0   0   0   0]
[220 355 489 579 719 802 804 555 276  55  13   2   0   0   0   0   0   0
   0   0   0   0   0   0   0]
[170 258 311 384 488 627 739 543 314  73  14   2   0   0   0   0   0   0
   0   0   0   0   0   0   0]
[ 87 174 224 267 354 483 626 594 335 144  27   0   0   0   0   0   0   0
   0   0   0   0   0   0   0]
[ 57 107 147 201 297 439 622 610 395 214  32   5   0   0   0   0   0   0
   0   1   0   0   0   0   0]
[ 44  65  89 126 221 400 598 641 476 193  66   8   1   0   0   0   0   0
   0   3   0   0   0   0   0]
[ 18  32  59  88 161 316 536 639 556 242  64  19   4   0   0   0   0   0
   0   1   0   0   0   0   0]
[ 15  15  17  33  92 232 464 653 488 283  91  30   4   4   0   0   0   0
   0   0   0   0   0   0   0]
[  4  11  12  20  61 223 467 723 603 328 140  31   4   0   1   0   0   0
   0   1   4   0   0   0   0]
[  4   7   8  14  54 188 530 801 640 401 179  53  10   0   1   0   0   0
   0   1   3   0   0   0   0]
[  5   5   4   9  39 164 519 944 795 514 233  52  18   0   1   0   0   0
   0   2   7   0   0   0   0]
[  7   2   2   6  23 115 422 922 869 639 278  92  22   5   1   0   0   0
   0   2   6   0   0   0   0]
[  6   4   6   7  19 100 423 984 961 694 374 132  30   5   3   0   0   0
   0   4   5   0   0   0   0]
[   4    7    2    7   20   74  425 1017 1113  789  451  166   30   11
    2    0    0    0    0    1   14    0    0    0    0]
[   7    2    6    8   13   58  440 1240 1385  986  576  249   64    5
    1    0    0    0    0    5   10    0    0    0    0]
[   1    3    4    8   11   60  430 1472 1735 1292  773  374  116   18
    9    6    0    0    0    8   47    0    0    0    0]
[   1    2    4    5   16   58  442 1708 2338 2012 1320  689  261   73
   28   13    5    0    1    9   64    0    0    0    0]
