[ 95 166 213 198 156  86  45  12   9   2   0   0   0   0   0   0   0   0
   0   0   0   0   0   0   0]
[ 63 150 231 212 171 118  75  27  12   0   0   0   0   0   0   0   0   0
   0   0   0   0   0   0   0]
[ 48 118 196 187 208 209 109  54  10   3   0   0   0   0   0   0   0   0
   0   0   0   0   0   0   0]
[ 47 100 155 176 212 217 193  96  30  10   4   0   0   0   0   0   0   0
   0   0   0   0   0   0   0]
[ 42 100 147 145 181 197 192 132  58  13   1   0   1   0   0   0   0   0
   0   0   0   0   0   0   0]
[ 36  73  92  95  96 161 187 119  50  11   2   0   0   0   0   0   0   0
   0   0   0   0   0   0   0]
[ 25  30  52  51  78 123 128  95  52  20   5   0   0   0   0   0   0   0
   0   0   0   0   0   0   0]
[  9  22  36  47  69 113 173 139  76  13   6   4   0   0   0   0   0   0
   0   0   0   0   0   0   0]
[  3   7  17  21  43 104 172 139 101  24  10   2   0   0   0   0   0   0
   0   0   0   0   0   0   0]
[  2   3   8   9  32  93 143 142  75  43   9   2   0   0   0   0   0   0
   0   0   0   0   0   0   0]
[  1   1   1   7  32  82 142 160  97  44   6   1   1   1   0   0   0   0
   0   0   0   0   0   0   0]
[  7   2   1   8  20  57 152 203 140  55  10   0   0   1   0   0   0   0
   0   0   0   0   0   0   0]
[  2   0   0   0  21  70 159 214 147  77  23   8   2   0   0   0   0   0
   0   0   0   0   0   0   0]
[  1   1   1   3  12  56 164 232 152  96  42   9   2   1   0   0   0   0
   0   0   0   0   0   0   0]
[  2   0   0   1  15  41 157 266 214 127  62  24   2   0   0   0   0   0
   0   1   4   0   0   0   0]
[  1   0   2   4   8  50 173 361 252 164 110  25   6   2   0   0   0   0
   0   1   2   0   0   0   0]
[  0   1   5   1   6  21 130 360 304 191 131  61  18   1   0   0   0   0
   0   5   0   0   0   0   0]
[  4   4   1   4   5  19 150 351 430 290 183  96  35   6   1   0   1   0
   3   4   9   0   0   0   0]
[  2   0   3   3   5  25 156 495 641 435 231 104  30   4   0   1   0   0
   0  16  11   0   0   0   0]
[  3   2   0   7   6  14 158 589 817 569 350 185  82  38  11   9   1   0
   1  31  42   0   0   0   0]
