[ 471  998 1630 1776 1525 1141  720  280   57   10    1    0    0    0
    0    0    0    0    0    0    0    0    0    0    0]
[184 366 697 777 772 676 497 147  32   1   2   0   0   0   0   0   0   0
   0   0   0   0   0   0   0]
[109 272 386 448 530 611 438 213  48   2   1   0   0   0   0   0   0   0
   0   0   0   0   0   0   0]
[136 310 440 506 656 931 914 435 163  29   2   1   0   0   0   0   0   0
   0   0   0   0   0   0   0]
[ 152  322  481  529  698 1248 1482  808  287   64    4    0    0    0
    0    0    0    0    0    0    0    0    0    0    0]
[  52  142  225  245  390  743 1048  697  248   62   11    0    0    0
    0    0    0    0    0    0    0    0    0    0    0]
[ 19  54  73  97 185 459 639 357 146  55   9   4   0   0   0   0   0   0
   0   0   0   0   0   0   0]
[ 20  27  40  86 153 552 841 571 268  60   7   0   0   0   0   0   0   0
   0   0   0   0   0   0   0]
[  17   22   45   82  256  747 1682 1343  644  176   25    0    0    0
    0    0    0    0    0    0    0    0    0    0    0]
[  12   23   32   49  195  644 1559 1590  797  265   42   10    0    0
    0    0    0    0    0    0    0    0    0    0    0]
[  9   6   8  22  81 344 774 890 472 140  46   3   0   0   0   0   0   0
   0   0   0   0   0   0   0]
[  8   5   8  16  75 271 791 755 396 135  62   8   1   0   0   0   0   0
   0   0   0   0   0   0   0]
[  11    7    7   27   58  241  938 1097  715  283   89   15    0    0
    0    0    0    0    0    0    0    0    0    0    0]
[  16    6    6   23   87  245 1058 1622 1185  527  145   24    4    0
    0    0    0    0    0    0    0    0    0    0    0]
[ 10   8   4  19  24 145 587 986 718 294 116  33   1   0   0   0   0   0
   0   0   0   0   0   0   0]
[ 16  10  11  19  27  88 469 797 520 259 123  46   3   0   0   0   0   0
   0   0   0   0   0   0   0]
[  32   23   28   41   31   73  588 1364  997  426  191   75    7    1
    0    0    0    0    0    0    0    0    0    0    0]
[  35   27   34   48   35  116  655 2094 1992  908  332   83   20    1
    0    0    0    0    0    0    0    0    0    0    0]
[  13   12    8   18   33   64  514 1826 1904 1007  354  123   27    7
    0    0    0    0    0    0    0    0    0    0    0]
[   7    6   15   37   67   79  544 2259 2741 1447  570  211   64   20
    6    1    2    0    0    0    0    0    0    0    0]
