[124 300 505 593 509 415 261 123  28   8   3   0   0   0   0   0   0   0
   0   0   0   0   0   0   0]
[ 49 104 194 268 276 197 214  77  19   3   1   0   0   0   0   0   0   0
   0   0   0   0   0   0   0]
[ 32  57  90 115 149 168 128  71  15   3   2   0   0   0   0   0   0   0
   0   0   0   0   0   0   0]
[ 72 126 160 198 284 329 312 183  79  11   3   0   0   0   0   0   0   0
   0   0   0   0   0   0   0]
[ 61  85 172 190 215 338 403 289 166  31   9   0   0   0   0   0   0   0
   0   0   0   0   0   0   0]
[ 35  53  67 113 130 215 336 291 124  38  10   1   0   0   0   0   0   0
   0   0   0   0   0   0   0]
[ 15  21  40  38  62 102 177 129  44  17   2   0   0   0   0   0   0   0
   0   0   0   0   0   0   0]
[  3  14  26  29  54 144 244 183 114  31  14   1   0   0   0   0   0   0
   0   0   0   0   0   0   0]
[  5   8  10  28  68 144 276 308 213  87  23   3   0   0   0   0   0   0
   0   0   0   0   0   0   0]
[  4   2   5  13  34  86 303 382 244  97  17   1   0   0   0   0   0   0
   0   0   0   0   0   0   0]
[  1   0   4   9  17  76 164 222 175  85  14   6   1   0   0   0   0   0
   0   0   0   0   0   0   0]
[  1   2   4   9  25  60 168 197 145  79  20   2   1   0   0   0   0   0
   0   0   0   0   0   0   0]
[  2   3   4   5  21  63 185 280 260 105  30  14   0   0   0   0   0   0
   0   0   0   0   0   0   0]
[  4   2   3   6  10  58 148 278 260 108  38   8   0   0   0   0   0   0
   0   0   0   0   0   0   0]
[  4   1   1   3   9  30 129 237 164 100  45   6   2   0   0   0   0   0
   0   0   0   0   0   0   0]
[  3   3   2   4   5  24 104 209 170 108  39  10   0   0   0   0   0   0
   0   0   0   0   0   0   0]
[  6   5   2   5   9  18  93 243 202 121  45  11   4   1   0   0   0   0
   0   0   0   0   0   0   0]
[ 12   4   7  10   9  16 109 325 398 235  75  33   8   0   0   0   0   0
   0   0   0   0   0   0   0]
[ 11   4   9   6  10   8 117 374 547 336 133  29   7   0   0   0   0   0
   0   0   0   0   0   0   0]
[  4   2   8   8   8  17 120 525 706 474 177  56   9   3   3   1   1   0
   0   0   0   0   0   0   0]
