[3 3 5 1 1 2 6 3 0 0 0 0 0 0 0 0 0 0 0 0 0 0 0 0 0]
[ 3  6  4  5  5  4  6 10  0  0  0  0  0  0  0  0  0  0  0  0  0  0  0  0
  0]
[2 4 8 4 7 5 7 3 0 0 0 0 0 0 0 0 0 0 0 0 0 0 0 0 0]
[ 3  4  1  4  8  8  7  6 14  4  1  0  0  0  0  0  0  0  0  0  0  0  0  0
  0]
[ 1  1  1  6  5 12  4 11 11 14  3  0  0  0  0  0  0  0  0  0  0  0  0  0
  0]
[ 0  0  3  1  1  9 10  4  9  6  0  0  0  0  0  0  0  0  0  0  0  0  0  0
  0]
[0 0 0 0 3 6 8 5 5 5 1 0 0 0 0 0 0 0 0 0 0 0 0 0 0]
[ 0  0  0  0  3  4 17 14 12  4  0  0  0  0  0  0  0  0  0  0  0  0  0  0
  0]
[ 0  0  1  2  3  5  8 27 17  5  0  1  0  0  0  0  0  0  0  0  0  0  0  0
  0]
[ 0  0  0  0  0  7 12 20 22  8  5  0  0  0  0  0  0  0  0  0  0  0  0  0
  0]
[ 1  0  0  0  0  3  9 15  9 11  3  0  0  0  0  0  0  0  0  0  0  0  0  0
  0]
[ 0  0  0  0  1  2 11 21 14  8  3  0  0  0  0  0  0  0  0  0  1  0  0  0
  0]
[ 1  0  0  0  0  5 16 19 11  6  1  2  1  0  0  0  0  0  0  0  0  0  0  0
  0]
[ 1  0  1  0  4  2 10 24 26  7  3  0  0  0  0  0  0  0  0  0  0  0  0  0
  0]
[ 0  0  0  0  0  4 13 28 29 13  3  1  0  0  0  0  0  0  0  1  0  0  0  0
  0]
[ 0  0  1  0  0  3  7 31 25 20  5  1  0  0  0  0  0  0  0  0  0  0  0  0
  0]
[ 0  0  0  0  1  1  7 31 24 19 11  2  1  0  0  0  0  0  0  0  0  0  0  0
  0]
[ 0  0  0  0  0  0  5 18 45 25 10  4  0  0  0  0  0  0  0  0  0  0  0  0
  0]
[ 0  0  0  0  1  0  9 25 54 54 21  8  0  1  0  0  0  0  0  0  0  0  0  0
  0]
[ 0  0  0  0  1  1 12 46 89 95 45 14  5  3  0  0  0  0  0  3  2  0  0  0
  0]
