[ 47 129 168 135 128 111  48  21   8   2   0   0   0   0   0   0   0   0
   0   0   0   0   0   0   0]
[ 64 156 287 312 343 221 159  56  12   2   1   0   0   0   0   0   0   0
   0   0   0   0   0   0   0]
[ 20  56  82  97 120 144 115  56  12   2   0   0   0   0   0   0   0   0
   0   0   0   0   0   0   0]
[ 5 15 27 30 35 40 53 32  6  0  1  0  0  0  0  0  0  0  0  0  0  0  0  0
  0]
[13 10 25 25 29 38 50 30  9  5  0  0  0  0  0  0  0  0  0  0  0  0  0  0
  0]
[ 16  40  46  60  62 102 154 139  56   9   1   0   0   0   0   0   0   0
   0   0   0   0   0   0   0]
[ 17  22  25  34  53 138 227 147  50  25   0   0   0   0   0   0   0   0
   0   0   0   0   0   0   0]
[ 2  3  5  9 23 61 90 75 19  3  0  1  0  0  0  0  0  0  0  0  0  0  0  0
  0]
[ 1  1  0  2  5 14 32 34 19  4  2  0  0  0  0  0  0  0  0  0  0  0  0  0
  0]
[ 2  1  2  8 11 36 50 55 45 16  2  0  0  0  0  0  0  0  0  0  0  0  0  0
  0]
[  6   5   5  21  23  63 198 220 147  49  10   0   0   0   0   0   0   0
   0   0   0   0   0   0   0]
[  0   2   2   4  12  43 124 155  85  33   8   0   0   0   0   0   0   0
   0   0   0   0   0   0   0]
[ 2  0  0  0  2 16 28 45 22  9  2  0  0  0  0  0  0  0  0  0  0  0  0  0
  0]
[ 4  0  1  2  4 18 37 45 29  9  9  4  1  0  0  0  0  0  0  0  0  0  0  0
  0]
[  9   3   6   8  19  34 107 192 132  68  22   5   0   0   0   0   0   0
   0   0   0   0   0   0   0]
[  3   1   2   8   8  23  94 180 141  55  10   6   0   0   0   0   0   0
   0   0   0   0   0   0   0]
[ 0  1  0  1  5  2 19 36 34 10 11  3  0  0  0  0  0  0  0  0  0  0  0  0
  0]
[ 6  2  2  3  2  6 38 91 94 40 22  9  3  0  0  0  0  0  0  0  0  0  0  0
  0]
[ 26   6  18  17  20  29 123 318 352 186  68  14   7   0   0   0   0   0
   0   0   0   0   0   0   0]
[  5   3   1   3   7   6  54 230 338 170  51  13   4   0   1   0   0   0
   0   0   0   0   0   0   0]
