[25 47 72 63 50 54 62 41 17  3  0  0  0  0  0  0  0  0  0  0  0  0  0  0
  0]
[ 9 39 55 39 54 58 81 63 14  5  1  0  0  0  0  0  0  0  0  0  0  0  0  0
  0]
[ 6 11  8 23 22 48 60 68 26  9  1  0  0  0  0  0  0  0  0  0  0  0  0  0
  0]
[15 15 24 27 35 50 75 78 15  6  0  0  0  0  0  0  0  0  0  0  0  0  0  0
  0]
[ 10   7  11   9  17  31  75 102  27  15   1   0   0   0   0   0   0   0
   0   0   0   0   0   0   0]
[  6   5  10   8  17  39  75 116  48  10   2   1   0   0   0   0   0   0
   0   0   0   0   0   0   0]
[ 2  9  2  7  6 19 66 92 44 12  0  0  0  0  0  0  0  0  0  0  0  0  0  0
  0]
[  2   0   3   1   7  31  68 107  35   5   2   0   0   0   0   0   0   0
   0   0   0   0   0   0   0]
[  0   0   2   0   7  23  61 102  34  13   2   0   0   0   0   0   0   0
   0   0   0   0   0   0   0]
[ 1  1  0  2  8 15 47 75 32  6  6  2  0  0  0  0  0  0  0  0  0  0  0  0
  0]
[ 1  0  0  0  0 18 29 33 17  7  2  1  0  0  0  0  0  0  0  0  0  0  0  0
  0]
[ 0  0  0  0  2 10 23 32 23 17  4  2  0  0  0  0  0  0  0  0  0  0  0  0
  0]
[ 0  0  0  0  0  9 12 22 23 18  2  1  0  0  0  0  0  0  0  0  0  0  0  0
  0]
[ 2  0  0  1  0  0 10  9 10 12  6  0  0  0  0  0  0  0  0  0  0  0  0  0
  0]
[ 0  0  0  0  1  1  5 16  8  5  2  1  0  0  0  0  0  0  0  0  0  0  0  0
  0]
[0 0 0 0 0 0 3 3 7 2 1 1 1 0 0 0 0 0 0 0 0 0 0 0 0]
[0 0 0 0 0 2 1 2 0 1 0 1 0 0 0 0 0 0 0 0 0 0 0 0 0]
[0 0 0 0 1 0 1 5 7 5 1 0 1 0 0 0 0 0 0 0 0 0 0 0 0]
[0 0 0 0 0 1 0 5 9 5 2 2 2 0 0 0 0 0 0 0 0 0 0 0 0]
[0 0 0 0 0 0 0 2 3 0 2 1 0 0 0 0 0 0 0 0 0 0 0 0 0]
