[6 5 1 5 6 3 2 0 1 0 0 0 0 0 0 0 0 0 0 0 0 0 0 0 0]
[0 0 4 1 3 2 4 0 0 0 0 0 0 0 0 0 0 0 0 0 0 0 0 0 0]
[1 0 3 3 1 6 1 1 0 0 0 0 0 0 0 0 0 0 0 0 0 0 0 0 0]
[0 0 4 8 7 8 8 4 1 0 0 0 0 0 0 0 0 0 0 0 0 0 0 0 0]
[ 0  2  6  5  6 10  4  6  7  0  0  0  0  0  0  0  0  0  0  0  0  0  0  0
  0]
[1 2 2 2 1 1 1 3 1 0 0 0 0 0 0 0 0 0 0 0 0 0 0 0 0]
[1 2 1 2 3 4 3 1 1 1 0 0 0 0 0 0 0 0 0 0 0 0 0 0 0]
[1 0 2 1 1 6 1 8 3 2 0 0 0 0 0 0 0 0 0 0 0 0 0 0 0]
[ 1  1  0  3  2  6 13 11  6  4  2  0  0  0  0  0  0  0  0  0  0  0  0  0
  0]
[0 0 0 0 0 0 2 3 4 1 0 0 0 0 0 0 0 0 0 0 0 0 0 0 0]
[0 0 1 0 0 0 2 4 2 0 0 0 0 0 0 0 0 0 0 0 0 0 0 0 0]
[0 0 0 0 0 1 2 4 2 3 1 0 0 0 0 0 0 0 0 0 0 0 0 0 0]
[ 0  0  2  0  0  2  5 11  6  0  1  0  0  0  0  0  0  0  0  0  0  0  0  0
  0]
[0 0 0 0 0 1 3 3 6 5 0 0 0 0 0 0 0 0 0 0 0 0 0 0 0]
[0 0 0 0 0 1 1 6 5 4 1 0 0 0 0 0 0 0 0 0 0 0 0 0 0]
[1 0 0 0 0 0 3 5 4 2 2 0 0 0 0 0 0 0 0 0 0 0 0 0 0]
[ 0  0  0  0  1  0  4 17 17  6  6  1  0  0  0  0  0  0  0  0  0  0  0  0
  0]
[ 0  0  0  0  0  1  4  9 13 11  1  4  0  0  0  0  0  0  0  0  0  0  0  0
  0]
[ 0  0  0  0  0  0  2  5 13 10  5  4  0  0  0  0  0  0  0  0  0  0  0  0
  0]
[ 0  0  0  0  0  0  4 11 15 16  5  2  0  0  0  0  0  0  0  0  0  0  0  0
  0]
