[ 29  36  32  48  75 117  71  48   5   0   0   0   0   0   0   0   0   0
   0   0   0   0   0   0   0]
[ 46  57  44  53  44 100  98  93  22   1   0   0   0   0   0   0   0   0
   0   0   0   0   0   0   0]
[  7  19  22  18  39  49 113 146  52  20   2   0   0   0   0   0   0   0
   0   0   0   0   0   0   0]
[  8   5   6  10  14  41  96 146  57  25   1   0   0   0   0   0   0   0
   0   0   0   0   0   0   0]
[  2   4   6   4   8  27  96 141  40   5   0   0   0   0   0   0   0   0
   0   0   0   0   0   0   0]
[ 5  7  5 12  7 29 63 90 32  9  0  0  0  1  0  0  0  0  0  0  0  0  0  0
  0]
[ 4  2  5 16 20 42 64 56 31  9  1  0  0  0  0  0  0  0  0  0  0  0  0  0
  0]
[ 5  5  3  6 12 35 38 40 32 16  3  0  0  0  0  0  0  0  0  0  0  0  0  0
  0]
[ 6  1  0  5  3 17 26 31 20  9  2  0  1  0  0  0  0  0  0  0  0  0  0  0
  0]
[ 0  1  4  7 26 45 30 20  8  6  5  1  0  0  0  0  0  0  0  0  0  0  0  0
  0]
[ 2  1  1  2  2  6 28 26 25 16  9 10  2  0  0  0  0  0  0  0  0  0  0  0
  0]
[ 2  0  3  3  3 16 21 24 15  5  5  4  1  1  0  0  0  0  0  0  0  0  0  0
  0]
[ 0  0  0  2  7 22 16 25 19 19  5  1  0  1  0  0  0  0  0  0  0  0  0  0
  0]
[ 1  1  0  0  0  2 10 21 16 12 10  0  2  0  0  0  0  0  0  0  0  0  0  0
  0]
[ 3  2  0  0  0  1 10 23 13 10  4  2  0  1  0  0  0  0  0  0  0  0  0  0
  0]
[ 2  2  2  0  1  1  6 23 23 10  3  0  0  0  0  0  0  0  0  0  0  0  0  0
  0]
[ 3  0  2  3  1  3  5 14 12  6  2  2  1  0  0  0  0  0  0  0  0  0  0  0
  0]
[ 1  2  3  4  3  4 10 17 15 14  6  3  1  1  0  0  0  0  0  0  0  0  0  0
  0]
[ 2  1  1  2  7  9 13 22 21 15  4  4  0  0  0  0  0  0  0  0  0  0  0  0
  0]
[ 0  0  0  0  0  3 13 29 27 10  7  1  0  0  0  0  0  0  0  0  0  0  0  0
  0]
