[10 17 25 20 16 15  4  1  0  0  0  0  0  0  0  0  0  0  0  0  0  0  0  0
  0]
[ 8 21 31 18 25 16  7  6  2  1  0  0  0  0  0  0  0  0  0  0  0  0  0  0
  0]
[ 5 17 14 32 24 17 12  5  1  1  0  0  0  0  0  0  0  0  0  0  0  0  0  0
  0]
[ 7 14 15 16 21 19 16 14  0  0  0  0  0  0  0  0  0  0  0  0  0  0  0  0
  0]
[ 0  8 12  9 21 27 27  8  2  0  0  0  0  0  0  0  0  0  0  0  0  0  0  0
  0]
[ 2  4  5 10 10 18 20 23  2  0  0  0  0  0  0  0  0  0  0  0  0  0  0  0
  0]
[ 1  7  9 10 15 22 15 10  6  1  0  0  0  0  0  0  0  0  0  0  0  0  0  0
  0]
[ 0  3  3  6  7 18 14 14  3  1  1  1  0  0  0  0  0  0  0  0  0  0  0  0
  0]
[ 1  1  2  2  2 10 28 20  7  2  0  1  0  0  0  0  0  0  0  0  0  0  0  0
  0]
[ 0  0  1  0  6 10 33 28 13  2  0  0  0  0  0  0  0  0  0  0  0  0  0  0
  0]
[ 2  0  0  1  4 14 17 23 14  7  3  0  0  0  0  0  0  0  0  0  0  0  0  0
  0]
[ 0  0  0  0  2  5 21 20 14  6  3  0  0  0  0  0  0  0  0  0  0  0  0  0
  0]
[ 0  0  0  0  2  5 23 30 18  9  3  2  0  0  0  0  0  0  0  0  0  0  0  0
  0]
[ 1  0  1  1  2  7 21 40 17 12  6  1  0  0  0  0  0  0  0  0  0  0  0  0
  0]
[ 0  0  0  0  1  9 15 25 31 17  1  3  0  0  0  0  0  0  0  0  0  0  0  0
  0]
[ 0  0  0  0  1  5 29 53 39 11  9  6  0  0  0  0  0  0  0  0  0  0  0  0
  0]
[ 0  1  0  1  1  1 24 57 47 17 14  5  3  0  0  0  0  0  0  0  0  0  0  0
  0]
[ 1  0  0  0  0  1 18 66 52 25 21 13  3  0  0  0  0  0  0  0  0  0  0  0
  0]
[ 0  0  0  1  0  4 22 88 76 52 24 18  4  0  0  0  0  0  0  0  0  0  0  0
  0]
[  0   0   0   0   1   1  20  69 129  63  36  17  11   6   2   1   0   0
   0   0   1   0   0   0   0]
