[161 375 643 737 636 515 335 150  35   8   3   0   0   0   0   0   0   0
   0   0   0   0   0   0   0]
[ 59 124 215 289 308 232 236  80  19   4   1   0   0   0   0   0   0   0
   0   0   0   0   0   0   0]
[ 43  75 126 150 179 200 157  83  18   3   2   0   0   0   0   0   0   0
   0   0   0   0   0   0   0]
[ 81 167 222 268 376 439 407 230  95  15   3   0   0   0   0   0   0   0
   0   0   0   0   0   0   0]
[ 73 111 222 232 293 492 569 364 187  36   9   1   0   0   0   0   0   0
   0   0   0   0   0   0   0]
[ 42  74  80 135 168 281 418 338 143  43  11   1   0   0   0   0   0   0
   0   0   0   0   0   0   0]
[ 15  25  44  45  75 117 201 146  51  19   2   0   0   0   0   0   0   0
   0   0   0   0   0   0   0]
[  3  15  29  33  64 180 326 227 135  36  16   1   0   0   0   0   0   0
   0   0   0   0   0   0   0]
[  5   9  11  34  86 242 454 456 280 101  25   3   0   0   0   0   0   0
   0   0   0   0   0   0   0]
[  4   2   9  19  51 163 496 519 297 113  21   1   0   0   0   0   0   0
   0   0   0   0   0   0   0]
[  1   0   5  12  24 100 210 282 203  90  14   6   1   0   0   0   0   0
   0   0   0   0   0   0   0]
[  1   2   4  10  28  74 221 241 173  94  22   2   1   0   0   0   0   0
   0   0   0   0   0   0   0]
[  3   3   5   7  23  84 276 394 320 123  35  15   0   0   0   0   0   0
   0   0   0   0   0   0   0]
[  4   2   4   7  11  73 275 426 356 137  45   9   1   0   0   0   0   0
   0   0   0   0   0   0   0]
[  4   1   2   3  11  38 156 311 207 116  52   7   2   0   0   0   0   0
   0   0   0   0   0   0   0]
[  3   3   2   4   6  26 138 252 201 124  49  13   3   0   0   0   0   0
   0   0   0   0   0   0   0]
[  6   5   2   5   9  20 138 356 285 144  60  23   7   1   0   0   0   0
   0   0   0   0   0   0   0]
[ 13   5   8  11   9  19 220 629 653 325 105  42  10   1   0   0   0   0
   0   0   0   0   0   0   0]
[ 15   4  12   9  10  10 159 560 734 407 157  33  10   1   0   0   0   0
   0   0   0   0   0   0   0]
[  4   2   8   9   8  17 151 696 906 571 215  68  18   3   6   3   1   0
   0   0   0   0   0   0   0]
