[ 3  5  8  5  3  4 10  7  0  0  0  0  0  0  0  0  0  0  0  0  0  0  0  0
  0]
[ 3  6  6 12 11  8  8 17  0  0  0  0  0  0  0  0  0  0  0  0  0  0  0  0
  0]
[ 2  6 12  6 10  8 12  5  1  0  0  0  0  0  0  0  0  0  0  0  0  0  0  0
  0]
[ 4  6  4  9 15 15 13  9 16  5  1  0  0  0  0  0  0  0  0  0  0  0  0  0
  0]
[ 1  2  1  6  5 13  6 13 12 15  3  0  0  0  0  0  0  0  0  0  0  0  0  0
  0]
[ 0  1  7  4  6  9 15  8 12  7  1  0  0  0  0  0  0  0  0  0  0  0  0  0
  0]
[ 0  0  0  0  5  9 20  9 13  7  2  0  0  0  0  0  0  0  0  0  0  0  0  0
  0]
[ 0  0  1  0  5  9 30 23 22  6  0  0  0  0  0  0  0  0  0  0  0  0  0  0
  0]
[ 2  0  1  4  7 11 22 45 28 11  0  1  0  0  1  0  0  0  0  0  0  0  0  0
  0]
[ 1  1  1  2  1 13 20 38 31 11  9  0  0  0  0  0  0  0  0  0  0  0  0  0
  0]
[ 1  0  1  0  2  9 19 29 17 14  4  1  0  0  0  0  0  0  0  0  0  0  0  0
  0]
[ 1  1  0  0  1  4 19 37 25 20  6  1  0  0  0  0  0  0  0  0  1  0  0  0
  0]
[ 1  0  0  0  1  6 25 41 39 13  7  2  1  1  0  0  0  0  0  0  0  0  0  0
  0]
[ 1  1  1  0  5  6 17 36 40 17  7  3  2  1  0  0  0  0  0  0  0  0  0  0
  0]
[ 0  1  0  0  0  5 25 46 50 27  5  4  0  0  0  0  0  0  0  1  0  0  0  0
  0]
[ 0  1  1  1  0  8 15 49 42 28 11  4  2  1  0  0  0  0  0  0  0  0  0  0
  0]
[ 0  0  0  0  2  2 11 45 39 35 15  6  1  0  0  0  0  0  0  0  0  0  0  0
  0]
[ 0  0  0  0  0  1 10 28 57 40 16  4  0  1  0  0  0  0  0  0  0  0  0  0
  0]
[ 1  0  0  1  1  1 12 30 68 68 28 12  0  1  0  0  0  0  0  1  0  0  0  0
  0]
[  0   1   0   0   2   3  19  59 102 122  65  26   8   5   1   0   0   0
   0   5   2   0   0   0   0]
