[ 379  821 1324 1461 1265  930  589  246   53    7    1    0    0    0
    0    0    0    0    0    0    0    0    0    0    0]
[110 227 425 500 479 430 334 102  24   1   2   0   0   0   0   0   0   0
   0   0   0   0   0   0   0]
[ 63 178 220 254 258 342 256 142  35   2   1   0   0   0   0   0   0   0
   0   0   0   0   0   0   0]
[102 241 329 379 479 685 692 339 136  21   0   0   0   0   0   0   0   0
   0   0   0   0   0   0   0]
[ 122  243  377  410  532  992 1160  665  239   56    3    0    0    0
    0    0    0    0    0    0    0    0    0    0    0]
[ 40 103 164 184 278 552 803 550 181  50   9   0   0   0   0   0   0   0
   0   0   0   0   0   0   0]
[ 10  29  30  42  83 219 357 198  83  26   1   0   0   0   0   0   0   0
   0   0   0   0   0   0   0]
[ 15  14  24  53  95 360 599 420 188  43   5   0   0   0   0   0   0   0
   0   0   0   0   0   0   0]
[  12   18   33   59  182  565 1370 1098  532  144   21    0    0    0
    0    0    0    0    0    0    0    0    0    0    0]
[   6   19   22   32  150  477 1257 1274  671  226   33    9    0    0
    0    0    0    0    0    0    0    0    0    0    0]
[  7   5   4  16  42 177 435 579 302  85  29   0   0   0   0   0   0   0
   0   0   0   0   0   0   0]
[  6   3   3  10  31 150 482 533 270  97  44   5   1   0   0   0   0   0
   0   0   0   0   0   0   0]
[  6   3   4  19  36 160 698 864 552 232  70  12   0   0   0   0   0   0
   0   0   0   0   0   0   0]
[   6    3    5   16   55  175  813 1279  968  455  104   16    4    0
    0    0    0    0    0    0    0    0    0    0    0]
[  3   2   2   9  17  78 353 680 519 204  76  17   1   0   0   0   0   0
   0   0   0   0   0   0   0]
[ 10   8   8  12  15  51 282 520 375 182  96  35   3   0   0   0   0   0
   0   0   0   0   0   0   0]
[  18   18   15   20   14   34  423 1031  771  320  162   68    7    0
    0    0    0    0    0    0    0    0    0    0    0]
[  17   16   20   24   18   65  447 1495 1519  705  240   45   14    0
    0    0    0    0    0    0    0    0    0    0    0]
[   6    7    1    8   24   28  308 1209 1382  754  259   85   20    6
    0    0    0    0    0    0    0    0    0    0    0]
[   5    2    9   19   35   45  374 1669 2120 1148  450  154   46   15
    3    1    1    0    0    0    0    0    0    0    0]
