[ 71 164 214 183 163 148  62  28   8   2   0   0   0   0   0   0   0   0
   0   0   0   0   0   0   0]
[ 83 190 356 386 405 284 205  66  17   2   1   0   0   0   0   0   0   0
   0   0   0   0   0   0   0]
[ 24  65  94 115 137 152 129  58  17   2   0   0   0   0   0   0   0   0
   0   0   0   0   0   0   0]
[ 7 17 30 35 39 48 61 33  6  0  1  0  0  0  0  0  0  0  0  0  0  0  0  0
  0]
[14 15 37 28 39 47 54 37 11  5  0  0  0  0  0  0  0  0  0  0  0  0  0  0
  0]
[ 19  50  57  72  85 137 234 162  67  11   1   0   0   0   0   0   0   0
   0   0   0   0   0   0   0]
[ 18  26  35  40  58 168 284 178  72  29   0   0   0   0   0   0   0   0
   0   0   0   0   0   0   0]
[  2   3   5  11  29  67 100  81  20   3   0   1   0   0   0   0   0   0
   0   0   0   0   0   0   0]
[ 1  1  1  2  5 16 37 45 25  5  2  0  0  0  0  0  0  0  0  0  0  0  0  0
  0]
[ 2  1  3 11 11 42 72 67 50 18  3  0  0  0  0  0  0  0  0  0  0  0  0  0
  0]
[  7   5   5  22  27  83 262 291 181  58  14   0   0   0   0   0   0   0
   0   0   0   0   0   0   0]
[  0   2   2   5  13  51 147 179 100  35   9   0   0   0   0   0   0   0
   0   0   0   0   0   0   0]
[ 2  1  0  0  2 16 33 55 24 11  3  0  0  0  0  0  0  0  0  0  0  0  0  0
  0]
[ 4  0  1  2  4 19 51 59 31 11 11  4  1  0  0  0  0  0  0  0  0  0  0  0
  0]
[ 12   4   6   9  19  39 125 235 151  85  24   5   0   0   0   0   0   0
   0   0   0   0   0   0   0]
[  3   1   2   8   9  25 109 226 164  65  11   8   2   0   0   0   0   0
   0   0   0   0   0   0   0]
[ 0  1  0  1  5  3 23 51 42 14 13  7  2  1  0  0  0  0  0  0  0  0  0  0
  0]
[  7   2   2   3   3   7  45 116 108  55  29  10   4   0   0   0   0   0
   0   0   0   0   0   0   0]
[ 30   9  19  19  22  30 134 387 428 234  80  19   9   0   0   0   0   0
   0   0   0   0   0   0   0]
[  5   3   1   5   8   6  65 287 421 212  61  16   6   1   2   1   0   0
   0   0   0   0   0   0   0]
