[145 304 466 444 299 238 133  53  10   3   0   0   0   0   0   0   0   0
   0   0   0   0   0   0   0]
[169 356 586 629 504 346 227 113  41   9   1   0   0   0   0   0   0   0
   0   0   0   0   0   0   0]
[152 325 555 611 589 534 384 202  75  22   3   0   0   0   0   0   0   0
   0   0   0   0   0   0   0]
[111 258 401 498 571 565 490 272 126  39  10   1   0   0   0   0   0   0
   0   0   0   0   0   0   0]
[104 190 238 302 370 463 458 316 156  28   7   2   0   0   0   0   0   0
   0   0   0   0   0   0   0]
[ 83 113 148 169 230 326 432 321 206  41  11   1   0   0   0   0   0   0
   0   0   0   0   0   0   0]
[ 30  81  94 119 168 291 404 350 203  75  17   0   0   0   0   0   0   0
   0   0   0   0   0   0   0]
[ 22  42  56  81 142 244 360 353 227  95  16   3   0   0   0   0   0   0
   0   1   0   0   0   0   0]
[ 21  26  42  46  97 219 359 385 274  94  37   4   0   0   0   0   0   0
   0   3   0   0   0   0   0]
[  4  13  21  27  58 189 332 407 342 141  35  14   3   0   0   0   0   0
   0   1   0   0   0   0   0]
[  6   7   7  17  59 158 338 493 350 197  63  22   4   3   0   0   0   0
   0   0   0   0   0   0   0]
[  3   3   5  10  39 157 339 524 438 235  90  23   2   0   1   0   0   0
   0   1   4   0   0   0   0]
[  3   4   7   9  39 123 395 628 488 283 128  36  10   0   1   0   0   0
   0   1   3   0   0   0   0]
[  4   4   2   5  25 110 370 731 595 374 151  35  17   0   1   0   0   0
   0   2   7   0   0   0   0]
[  6   1   2   5  15  85 323 723 723 519 227  71  18   4   0   0   0   0
   0   2   6   0   0   0   0]
[  3   3   3   2  14  62 320 790 782 575 275 103  29   5   3   0   0   0
   0   4   5   0   0   0   0]
[  1   4   2   5  14  51 314 759 890 648 350 129  26  11   2   0   0   0
   0   1  14   0   0   0   0]
[   2    1    3    6    7   42  312  902 1028  737  435  191   53    4
    0    0    0    0    0    5   10    0    0    0    0]
[   1    2    2    4    7   49  307 1033 1266  983  624  300   97   16
    9    6    0    0    0    8   47    0    0    0    0]
[   1    2    3    1   12   42  326 1255 1792 1541 1091  580  214   54
   22    9    5    0    1    9   64    0    0    0    0]
