[168 378 596 604 465 372 223  64  11   0   0   0   0   0   0   0   0   0
   0   0   0   0   0   0   0]
[107 265 449 504 503 423 282 101  19   1   0   0   0   0   0   0   0   0
   0   0   0   0   0   0   0]
[ 36  93 126 167 189 198 173  57  12   0   0   0   0   0   0   0   0   0
   0   0   0   0   0   0   0]
[ 32  85 136 142 194 213 181  88  19   4   0   0   0   0   0   0   0   0
   0   0   0   0   0   0   0]
[ 39  96 148 160 200 338 376 151  68   8   0   0   0   0   0   0   0   0
   0   0   0   0   0   0   0]
[ 27  67 123 121 167 374 495 272  77  10   3   1   0   0   0   0   0   0
   0   0   0   0   0   0   0]
[ 11  26  51  47 118 182 368 256  64  14   0   0   0   0   0   0   0   0
   0   0   0   0   0   0   0]
[  4   6  14  19  55 113 162 100  35  10   0   0   0   0   0   0   0   0
   0   0   0   0   0   0   0]
[  1   3  13  25  56 199 321 227  72  26   4   1   0   0   0   0   0   0
   0   0   0   0   0   0   0]
[  6   4   8  18  70 165 411 369 149  49   7   0   0   0   0   0   0   0
   0   0   0   0   0   0   0]
[  4   6   9  20  63 179 450 503 218  82   7   1   0   0   0   0   0   0
   0   0   0   0   0   0   0]
[  2   2   3   7  13  75 182 235 123  40  11   0   0   0   0   0   0   0
   0   0   0   0   0   0   0]
[  0   2   2   5  17  73 224 237 112  57  22   3   0   0   0   0   0   0
   0   0   0   0   0   0   0]
[  5   4   2   6  16  61 265 369 183  89  30   3   0   0   0   0   0   0
   0   0   0   0   0   0   0]
[  7   5  12  15  12  77 305 500 353 118  70  11   3   0   0   0   0   0
   0   0   0   0   0   0   0]
[  1   1   0   5   6  31 153 321 219  87  55  21   0   0   0   0   0   0
   0   0   0   0   0   0   0]
[  6   2   0   7  10  34 169 345 231 102  57  28   5   1   0   0   0   0
   0   0   0   0   0   0   0]
[  8   5   7   9   9  17 286 808 672 269  92  56  16   0   0   0   0   0
   0   0   0   0   0   0   0]
[  13    4   19   20   30   46  304 1116 1163  525  178   61   18    3
    0    0    0    0    0    0    0    0    0    0    0]
[  4   2   4   6  16  21 190 631 824 430 165  60  26   7   5   3   0   0
   0   0   0   0   0   0   0]
