[ 46  91 159 138 106  97  93  61  18   4   0   0   0   0   0   0   0   0
   0   0   0   0   0   0   0]
[ 37 100 156 158 139 120 159  96  24   8   1   0   0   0   0   0   0   0
   0   0   0   0   0   0   0]
[ 24  44  59  80  82 122 133 117  42  16   1   0   0   0   0   0   0   0
   0   0   0   0   0   0   0]
[ 41  48  84  73 100 152 165 170  46  20   3   0   1   0   0   0   0   0
   0   0   0   0   0   0   0]
[ 31  47  74  76 100 149 201 207  75  35   5   1   0   1   1   0   0   0
   0   0   0   0   0   0   0]
[ 25  23  44  39  49 104 220 277 144  38   7   3   0   1   0   0   0   0
   0   0   0   0   0   0   0]
[ 11  20  14  26  33  81 201 278 184  53  10   4   1   0   0   0   0   0
   0   0   0   0   0   0   0]
[  6   4  17  17  28  86 182 257 160  59  12   2   0   1   0   0   0   0
   0   0   0   0   0   0   0]
[  4   5  10   6  25  66 187 286 132  69  26   4   4   0   1   0   0   0
   0   0   0   0   0   0   0]
[  2   1   1   5  18  64 160 231 146  55  25   5   3   0   0   0   0   0
   0   0   0   0   0   0   0]
[  2   1   1   0  10  51 147 197 133  88  25   9   5   0   0   0   0   0
   0   0   0   0   0   0   0]
[  4   2   2   4  12  47 106 178 149 127  29  13   4   0   0   0   0   0
   0   0   0   0   0   0   0]
[  1   3   1   4   8  42 111 178 204 126  38  17   5   1   0   0   0   0
   0   0   0   0   0   0   0]
[  3   3   1   2   5  17 112 175 166 145  67  19   5   0   0   0   0   0
   0   0   0   0   0   0   0]
[  1   1   1   1   4  16  86 178 198 167  69  21  10   0   0   0   0   0
   0   0   0   0   0   0   0]
[  0   2   0   1   2  10  56 169 174 138  73  27   7   0   0   0   0   0
   0   0   0   0   0   0   0]
[  2   0   1   1   2   9  53 147 174 171  84  50   8   2   0   0   0   0
   0   0   0   0   0   0   0]
[  0   0   0   1   3   0  32 115 151 156  90  38  20   2   1   1   0   0
   0   1   2   0   0   0   0]
[  0   0   0   0   1   4  26 118 180 229 153  64  29   7   0   1   1   0
   0   1   4   0   0   0   0]
[  0   0   0   0   0   5  37 129 208 228 215 138  43  16   7   2   1   0
   0   2   1   0   0   0   0]
