[1174 1858 1467 1700 1740 2156 2432 2739  649  122   13    0    0    1
    1    0    0    0    0    0    0    0    0    0    0]
[ 880 1074 1230 1259 1440 1626 2266 2549  625  127   20    3    0    0
    0    0    0    0    0    0    0    0    0    0    0]
[ 642  736  816  908 1246 1491 1980 2048  572  141   15    2    2    1
    0    1    0    0    0    0    0    0    0    0    0]
[ 449  515  525  692 1038 1292 1739 1891  532  105   18    2    0    1
    0    0    0    0    0    0    0    0    0    0    0]
[ 341  293  317  409  730 1029 1429 1637  442   99   25    6    0    6
    3    0    0    0    0    0    0    0    0    0    0]
[ 197  150  151  242  552  914 1274 1541  458  120   12    3    1    1
    4    1    0    0    0    0    0    0    0    0    0]
[ 136  112   96  192  431  668 1169 1388  503  120   21    3    2    3
    1    2    0    0    0    0    0    0    0    0    0]
[ 104   56   61  127  324  592  949 1118  446  134   21   13    3    2
    1    0    0    0    0    0    0    0    0    0    0]
[ 82  52  42  87 277 505 853 988 388 156  36   8   1   1   3   0   0   0
   0   0   0   0   0   0   0]
[ 62  28  29  82 181 406 620 710 331  93  32   6   2   3   0   0   0   0
   0   0   0   0   0   0   0]
[ 48  17  22  58 132 290 527 573 269  84  27   6   0   0   0   0   0   0
   0   0   0   0   0   0   0]
[ 19  17   3  28  57 193 343 386 199 122  39  12   2   0   1   0   0   0
   0   0   0   0   0   0   0]
[  3   2   4  15  38 102 268 329 207  93  43  10   8   1   1   0   0   0
   0   0   0   0   0   0   0]
[  2   2   1  10  13  42 122 150 144 101  44  16  12   4   1   0   0   0
   0   0   0   0   0   0   0]
[ 1  2  1  3  4 14 60 96 73 64 24 10  6  4  1  0  0  0  0  0  0  0  0  0
  0]
[ 1  0  0  2  1 23 21 46 57 30 20  6  6  4  4  1  0  0  0  0  0  0  0  0
  0]
[ 0  1  0  0  2  3 21 40 45 15  5  4  0  2  0  1  0  0  0  0  0  0  0  0
  0]
[ 2  0  0  0  0  3  4 11 16 12  6  1  1  0  0  0  0  0  0  0  0  0  0  0
  0]
[ 0  0  0  0  0  0  2  5 17 12  6  0  0  0  0  0  0  0  0  0  0  0  0  0
  0]
[0 0 0 0 0 0 0 2 7 7 1 1 0 0 0 0 0 0 0 0 0 0 0 0 0]
