[ 80 146 182 175 118  72  40  11   9   2   0   0   0   0   0   0   0   0
   0   0   0   0   0   0   0]
[ 57 133 211 196 158 111  72  27  11   0   0   0   0   0   0   0   0   0
   0   0   0   0   0   0   0]
[ 45 105 172 167 190 198 101  50  10   3   0   0   0   0   0   0   0   0
   0   0   0   0   0   0   0]
[ 42  81 135 158 187 188 160  83  26  10   4   0   0   0   0   0   0   0
   0   0   0   0   0   0   0]
[ 36  84 130 129 163 167 168 115  53  12   1   0   1   0   0   0   0   0
   0   0   0   0   0   0   0]
[ 25  57  75  72  84 137 159 102  41   9   2   0   0   0   0   0   0   0
   0   0   0   0   0   0   0]
[ 23  25  45  45  73 110 116  90  48  18   4   0   0   0   0   0   0   0
   0   0   0   0   0   0   0]
[  9  16  29  38  57  97 142 131  69  13   6   4   0   0   0   0   0   0
   0   0   0   0   0   0   0]
[  3   6  12  18  38  91 138 114  82  21   9   1   0   0   0   0   0   0
   0   0   0   0   0   0   0]
[  2   3   8   8  28  81 129 131  65  40   7   1   0   0   0   0   0   0
   0   0   0   0   0   0   0]
[  1   1   1   6  31  75 122 145  85  42   4   1   1   1   0   0   0   0
   0   0   0   0   0   0   0]
[  6   2   1   6  20  55 137 190 132  49  10   0   0   0   0   0   0   0
   0   0   0   0   0   0   0]
[  2   0   0   0  21  57 140 182 125  73  21   7   2   0   0   0   0   0
   0   0   0   0   0   0   0]
[  1   1   1   2  11  50 149 204 140  93  37   8   2   1   0   0   0   0
   0   0   0   0   0   0   0]
[  2   0   0   1  14  37 149 237 196 121  58  23   2   0   0   0   0   0
   0   1   4   0   0   0   0]
[  1   0   2   4   8  44 154 319 239 151 104  24   6   2   0   0   0   0
   0   1   2   0   0   0   0]
[  0   1   5   1   5  21 118 314 262 176 119  54  18   1   0   0   0   0
   0   5   0   0   0   0   0]
[  3   3   1   4   4  16 125 311 381 266 174  82  29   6   1   0   1   0
   3   4   9   0   0   0   0]
[  2   0   3   3   5  25 142 444 589 399 215  97  25   4   0   1   0   0
   0  16  11   0   0   0   0]
[  3   2   0   5   6  14 139 530 726 514 329 172  76  35  11   7   1   0
   1  31  42   0   0   0   0]
