[227 531 826 864 672 488 313  94  23   3   1   0   0   0   0   0   0   0
   0   0   0   0   0   0   0]
[193 450 786 880 821 679 478 159  29   1   1   0   0   0   0   0   0   0
   0   0   0   0   0   0   0]
[ 62 137 192 260 304 323 279  97  14   0   0   0   0   0   0   0   0   0
   0   0   0   0   0   0   0]
[ 40 109 173 170 241 275 252 124  23   7   0   0   0   0   0   0   0   0
   0   0   0   0   0   0   0]
[ 50 120 178 202 233 400 444 186  88  14   1   0   0   0   0   0   0   0
   0   0   0   0   0   0   0]
[ 55 121 204 226 294 541 708 439 129  20   4   1   0   0   0   0   0   0
   0   0   0   0   0   0   0]
[ 23  53 105  91 191 329 594 413  99  24   2   0   0   0   0   0   0   0
   0   0   0   0   0   0   0]
[  7   9  26  30  99 190 284 171  51  12   0   0   0   0   0   0   0   0
   0   0   0   0   0   0   0]
[  1   3  15  27  69 215 366 276  97  30   6   1   0   0   0   0   0   0
   0   0   0   0   0   0   0]
[  6  11  15  30  91 216 538 506 243  82  14   0   0   0   0   0   0   0
   0   0   0   0   0   0   0]
[  6   7  13  34 121 292 698 749 355 114  13   1   0   0   0   0   0   0
   0   0   0   0   0   0   0]
[  2   3   4  15  39 152 357 460 196  57  12   0   0   0   0   0   0   0
   0   0   0   0   0   0   0]
[  3   3   3   7  23  84 257 289 134  67  27   4   0   0   0   0   0   0
   0   0   0   0   0   0   0]
[ 11   6   6  10  22  70 312 455 237 109  39   7   0   0   0   0   0   0
   0   0   0   0   0   0   0]
[ 14  15  16  28  29 128 504 797 557 205  86  16   3   0   0   0   0   0
   0   0   0   0   0   0   0]
[  4   1   1   8  13  63 295 561 343 124  70  22   0   0   0   0   0   0
   0   0   0   0   0   0   0]
[  9   5   3   9  18  38 209 419 288 124  59  29   5   1   0   0   0   0
   0   0   0   0   0   0   0]
[  16   14   18   20   23   35  360 1022  879  339  116   61   17    0
    0    0    0    0    0    0    0    0    0    0    0]
[  36   21   41   44   51   80  486 1609 1605  722  241   80   20    3
    0    0    0    0    0    0    0    0    0    0    0]
[   5    3    7   10   25   42  287  912 1104  526  196   71   28    8
    6    4    0    0    0    0    0    0    0    0    0]
