[223 511 822 940 802 624 407 164  37  10   3   0   0   0   0   0   0   0
   0   0   0   0   0   0   0]
[ 69 141 252 349 350 273 268  89  20   4   1   0   0   0   0   0   0   0
   0   0   0   0   0   0   0]
[ 55  86 152 177 234 288 224 104  25   3   2   0   0   0   0   0   0   0
   0   0   0   0   0   0   0]
[100 192 263 332 475 596 548 272 106  15   4   0   0   0   0   0   0   0
   0   0   0   0   0   0   0]
[ 90 162 294 325 438 721 830 497 230  39   9   1   0   0   0   0   0   0
   0   0   0   0   0   0   0]
[ 48  95  99 175 212 373 508 404 165  47  11   1   0   0   0   0   0   0
   0   0   0   0   0   0   0]
[ 16  27  45  52  92 162 278 183  64  22   2   0   0   0   0   0   0   0
   0   0   0   0   0   0   0]
[  4  16  32  43  98 284 488 315 153  37  16   1   0   0   0   0   0   0
   0   0   0   0   0   0   0]
[  7  13  13  55 130 384 804 678 346 111  27   3   0   1   0   0   0   0
   0   0   0   0   0   0   0]
[  4   2  12  26  71 254 769 796 425 134  21   1   0   0   0   0   0   0
   0   0   0   0   0   0   0]
[  1   4   6  15  34 136 313 343 236 103  18   6   1   0   0   0   0   0
   0   0   0   0   0   0   0]
[  3   2   6  13  32 103 361 363 216 102  25   2   1   0   0   0   0   0
   0   0   0   0   0   0   0]
[  3   3   5  11  30 121 451 600 421 140  40  16   0   0   0   0   0   0
   0   0   0   0   0   0   0]
[  7   4   5  11  16  98 418 671 517 192  57  12   1   0   0   0   0   0
   0   0   0   0   0   0   0]
[  5   1   3   3  12  44 230 412 276 150  60   8   3   0   0   0   0   0
   0   0   0   0   0   0   0]
[ 11   3   5  10   8  33 205 375 257 142  57  16   4   0   0   0   0   0
   0   0   0   0   0   0   0]
[  7   7   4   7  14  29 225 592 422 167  80  28   8   1   0   0   0   0
   0   0   0   0   0   0   0]
[ 17   9  11  12  12  32 327 967 973 439 136  50  13   2   0   0   0   0
   0   0   0   0   0   0   0]
[ 16   6  13  11  13  17 226 842 976 493 178  45  11   2   0   0   0   0
   0   0   0   0   0   0   0]
[   8    3    9   13   19   22  226 1037 1329  715  258   88   28    3
    6    4    1    0    0    0    0    0    0    0    0]
