[21 18 26 17 14 24 33 16  0  0  0  0  0  0  0  0  0  0  0  0  0  0  0  0
  0]
[ 8 21 26 25 33 39 55 44  6  1  0  0  0  0  0  0  0  0  0  0  0  0  0  0
  0]
[ 24  34  60  42  52  64 108  83  22   3   1   0   0   0   0   0   0   0
   0   0   0   0   0   0   0]
[ 31  46  54  57  60  75 114  91  58  13   5   0   0   0   0   0   0   0
   0   0   0   0   0   0   0]
[20 39 41 65 58 75 59 71 46 17  3  0  0  0  0  0  0  0  0  0  0  0  0  0
  0]
[16 21 36 31 45 50 75 55 36 16  3  0  0  0  0  0  0  0  0  0  0  0  0  0
  0]
[22 13 23 25 36 42 71 53 25 13  5  0  0  0  0  0  0  0  0  0  0  0  0  0
  0]
[ 6 10 17 12 37 44 75 95 55 12  6  1  0  0  0  0  0  0  0  0  0  0  0  0
  0]
[ 7 10  6  9 23 40 54 94 57 24  2  1  0  0  1  0  0  0  0  0  0  0  0  0
  0]
[  6   5   5   5  10  39  69 103  67  35  10   2   0   0   0   0   0   0
   0   0   0   0   0   0   0]
[ 3  1  2  5 15 30 66 95 51 37 10  1  0  0  0  0  0  0  0  0  0  0  0  0
  0]
[  4   4   0   1  12  23  71 112  83  54  11   2   3   0   0   0   0   0
   0   0   1   0   0   0   0]
[ 6  4  2  9  8 29 66 92 78 51 17  3  2  1  0  0  0  0  0  0  0  0  0  0
  0]
[  4   2   4   0   8  16  50  94 100  52  15  10   2   1   0   0   0   0
   0   0   0   0   0   0   0]
[  1   2   3   7   5  13  47  89 106  51  17   6   1   0   0   0   0   0
   0   1   0   0   0   0   0]
[ 3  2  3  4  4 10 38 88 98 54 17  9  4  3  0  0  0  0  0  0  0  0  0  0
  0]
[ 7  1  1  0  4  7 38 89 81 61 25 10  4  1  0  0  0  0  0  0  0  0  0  0
  0]
[ 0  1  0  0  3  5 24 71 94 71 31  8  2  1  0  0  0  0  0  0  0  0  0  0
  0]
[  3   0   1   4   7   5  36  83 132 110  43  19   1   3   0   0   0   0
   0   1   0   0   0   0   0]
[  2   1   0   1   3   7  30  98 173 170  88  40  16   8   1   0   0   0
   0   6   2   0   0   0   0]
