[259 448 693 663 449 353 197  67  15   4   0   0   0   0   0   0   0   0
   0   0   0   0   0   0   0]
[232 475 744 785 652 468 292 134  49  11   1   0   0   0   0   0   0   0
   0   0   0   0   0   0   0]
[238 446 719 782 772 657 484 262  94  26   6   0   0   0   0   0   0   0
   0   0   0   0   0   0   0]
[191 368 577 670 803 783 690 373 179  46  11   1   0   0   0   0   0   0
   0   0   0   0   0   0   0]
[179 303 399 479 591 697 710 482 245  46  10   2   0   0   0   0   0   0
   0   0   0   0   0   0   0]
[144 210 253 330 417 538 650 479 286  63  14   2   0   0   0   0   0   0
   0   0   0   0   0   0   0]
[ 62 140 182 208 294 412 563 523 297 122  26   0   0   0   0   0   0   0
   0   0   0   0   0   0   0]
[ 42  89 113 162 239 360 534 525 349 187  27   5   0   0   0   0   0   0
   0   1   0   0   0   0   0]
[ 33  47  71 101 180 342 519 567 405 148  55   7   1   0   0   0   0   0
   0   3   0   0   0   0   0]
[ 15  24  45  67 126 273 477 577 479 211  57  18   4   0   0   0   0   0
   0   1   0   0   0   0   0]
[ 12  13  14  28  82 211 425 601 450 254  85  29   4   3   0   0   0   0
   0   0   0   0   0   0   0]
[  4   8  11  17  50 199 420 659 551 303 128  30   3   0   1   0   0   0
   0   1   4   0   0   0   0]
[  3   5   8  11  47 172 490 760 582 361 160  48  10   0   1   0   0   0
   0   1   3   0   0   0   0]
[  4   4   4   9  32 148 477 889 740 471 199  48  17   0   1   0   0   0
   0   2   7   0   0   0   0]
[  7   2   2   6  19  98 382 848 819 597 267  85  22   5   0   0   0   0
   0   2   6   0   0   0   0]
[  5   3   6   7  17  87 398 916 891 658 341 120  29   5   3   0   0   0
   0   4   5   0   0   0   0]
[   3    6    2    6   20   68  393  946 1050  745  421  152   28   11
    2    0    0    0    0    1   14    0    0    0    0]
[   6    1    6    7   12   52  394 1156 1282  904  518  230   61    5
    1    0    0    0    0    5   10    0    0    0    0]
[   1    3    3    6   11   57  390 1303 1577 1188  716  347  108   18
    9    6    0    0    0    8   47    0    0    0    0]
[   1    2    4    3   13   54  402 1570 2196 1871 1253  641  237   68
   26   10    5    0    1    9   64    0    0    0    0]
