[28 70 86 84 65 47 20 11  2  0  0  0  0  0  0  0  0  0  0  0  0  0  0  0
  0]
[ 34  78 101  79  78  59  28  16   5   1   0   0   0   0   0   0   0   0
   0   0   0   0   0   0   0]
[ 24  65 100 114  90  85  48  19   1   1   0   0   0   0   0   0   0   0
   0   0   0   0   0   0   0]
[21 42 64 60 86 82 67 36 11  1  0  0  1  0  0  0  0  0  0  0  0  0  0  0
  0]
[19 37 41 41 59 89 80 37 14  0  0  0  0  0  0  0  0  0  0  0  0  0  0  0
  0]
[ 9 23 32 48 39 79 83 64 15  2  0  0  0  0  0  0  0  0  0  0  0  0  0  0
  0]
[ 5 20 28 32 48 88 95 62 29  9  1  0  0  0  0  0  0  0  0  0  0  0  0  0
  0]
[ 3  8  7 15 27 66 92 60 14  5  3  1  0  0  0  0  0  0  0  0  0  0  0  0
  0]
[  4   5  13  10  16  44 101  64  34  12   4   1   0   0   0   0   0   0
   0   0   0   0   0   0   0]
[  2   2   7   9  19  43 100  83  41  10   5   2   0   0   0   0   0   0
   0   0   0   0   0   0   0]
[  3   0   2   1  15  43  81 108  60  22   6   0   1   0   0   0   0   0
   0   0   0   0   0   0   0]
[ 1  0  0  2 10 35 96 81 60 31  8  0  0  0  0  0  0  0  0  0  0  0  0  0
  0]
[  1   2   2   0   3  22  93 110  80  45  11   4   1   0   0   0   0   0
   0   0   0   0   0   0   0]
[  2   0   2   1   7  18  89 148  94  46  25   2   0   0   0   0   0   0
   0   0   0   0   0   0   0]
[  1   1   1   0   5  27  87 131 118  57  28  12   1   1   0   0   0   0
   0   0   0   0   0   0   0]
[  1   0   0   0   5  18  74 193 161  79  44  16   3   0   0   0   0   0
   0   0   0   0   0   0   0]
[  5   1   0   3   3   8  88 209 191  99  65  42   6   0   0   0   0   0
   0   0   0   0   0   0   0]
[  2   0   0   1   4   9  86 220 225 134  99  53  15   1   0   0   0   0
   0   0   0   0   0   0   0]
[  4   2   2   1   0   9  90 283 322 225 125  60  21   0   0   0   0   0
   0   0   0   0   0   0   0]
[  6   0   1   3   6  10 103 362 538 366 178 111  63  28  12   1   0   0
   0   6   1   0   0   0   0]
