[17 22 22 23 23 12  4  4  4  0  0  0  0  0  0  0  0  0  0  0  0  0  0  0
  0]
[ 7 16 27 24 27 24 10  4  1  0  0  0  0  0  0  0  0  0  0  0  0  0  0  0
  0]
[ 9 13 21 18 18 18  7  6  1  1  1  0  0  0  0  0  0  0  0  0  0  0  0  0
  0]
[ 8 20 32 47 39 31 29 16  8  3  1  0  0  0  0  0  0  0  0  0  0  0  0  0
  0]
[ 6 10 21 21 21 32 27 21 17  0  1  0  0  0  0  0  0  0  0  0  0  0  0  0
  0]
[ 5 11 18 19 17 15 19 17  6  5  1  0  0  0  0  0  0  0  0  0  0  0  0  0
  0]
[ 9  4 10 17 16 21 23 31  9  6  0  0  1  0  0  0  0  0  0  0  0  0  0  0
  0]
[ 2  6  9  5 13 41 31 38 25 17  3  1  0  0  0  0  0  0  0  0  0  0  0  0
  0]
[ 1  2  4  9  8 20 37 38 20 15  4  0  0  0  0  0  0  0  0  0  0  0  0  0
  0]
[ 1  2  1  2  5 10 20 22 20  4  1  0  0  0  0  0  0  0  0  0  0  0  0  0
  0]
[ 1  0  1  1  2  8 22 30 16  7  0  0  0  0  0  0  0  0  0  0  0  0  0  0
  0]
[ 0  0  1  0  1  9 32 34 29 18 10  1  1  0  0  0  0  0  0  0  0  0  0  0
  0]
[ 1  0  2  0  1 10 28 40 27 16 12  2  0  0  0  0  0  0  0  0  0  0  0  0
  0]
[ 0  0  0  0  2  7 22 37 34 16 12  3  0  0  0  0  0  0  0  0  0  0  0  0
  0]
[ 0  0  0  0  0 10 14 44 34 17 11  3  0  0  0  0  0  0  0  0  0  0  0  0
  0]
[ 2  0  1  1  1  1 20 36 34 21 16  7  2  3  0  0  0  0  0  0  0  0  0  0
  0]
[ 0  0  0  1  1  7 19 63 72 30 22  4  2  0  0  0  0  0  0  0  0  0  0  0
  0]
[ 0  0  0  0  2  5 18 49 68 40 17 10  6  0  0  0  0  0  0  0  0  0  0  0
  0]
[ 0  1  0  0  1  3 28 65 78 62 31 17  4  1  1  0  0  0  0  0  0  0  0  0
  0]
[  0   1   0   0   0   3  29 109 140  92  51  23  14   4   2   1   0   0
   0   0   0   0   0   0   0]
