[ 68 114 182 152 109  99  96  62  18   4   0   0   0   0   0   0   0   0
   0   0   0   0   0   0   0]
[ 70 131 186 191 157 132 164  98  24   8   1   0   0   0   0   0   0   0
   0   0   0   0   0   0   0]
[ 33  68  91 107 112 139 142 124  43  16   1   0   0   0   0   0   0   0
   0   0   0   0   0   0   0]
[ 54  65 105  95 123 175 178 178  47  20   3   0   1   0   0   0   0   0
   0   0   0   0   0   0   0]
[ 52  73 116 118 142 192 229 230  81  37   5   1   0   1   1   0   0   0
   0   0   0   0   0   0   0]
[ 36  42  65  69  76 131 256 309 156  39   9   4   0   1   0   0   0   0
   0   0   0   0   0   0   0]
[ 13  31  34  46  47 111 245 303 196  56  11   4   1   0   0   0   0   0
   0   0   0   0   0   0   0]
[ 13  14  26  33  48 103 211 282 172  65  16   2   0   1   0   0   0   0
   0   0   0   0   0   0   0]
[  7   9  15  14  44  86 213 314 153  81  30   4   4   0   1   0   0   0
   0   0   0   0   0   0   0]
[  5   1   6   9  32  76 185 255 157  63  27   5   3   0   0   0   0   0
   0   0   0   0   0   0   0]
[  5   3   2   2  17  71 165 224 151  97  31  10   5   0   0   0   0   0
   0   0   0   0   0   0   0]
[  4   2   3   4  16  62 125 213 160 135  33  13   4   0   0   0   0   0
   0   0   0   0   0   0   0]
[  1   3   1   5   9  46 136 202 221 134  40  17   5   1   0   0   0   0
   0   0   0   0   0   0   0]
[  3   3   2   3   7  29 135 218 200 167  81  25   6   0   0   0   0   0
   0   0   0   0   0   0   0]
[  1   1   1   2   7  22 108 225 244 183  75  23  10   0   0   0   0   0
   0   0   0   0   0   0   0]
[  0   2   1   2   4  12  82 205 194 154  87  30   7   1   0   0   0   0
   0   0   0   0   0   0   0]
[  3   0   1   2   3  13  81 207 236 207  96  51   9   3   0   0   0   0
   0   0   0   0   0   0   0]
[  1   0   1   1   4   3  53 185 225 188 115  45  20   3   1   1   0   0
   0   1   2   0   0   0   0]
[  0   1   0   0   2   5  46 196 279 293 189  83  35   7   0   1   1   0
   0   1   4   0   0   0   0]
[  0   0   0   0   1   7  61 216 342 325 291 186  63  22   7   2   1   0
   0   2   2   0   0   0   0]
