[1041 1684 1275 1474 1288 1661 2095 2326  526  100   10    0    0    1
    1    0    0    0    0    0    0    0    0    0    0]
[ 755  927 1033 1072 1256 1393 1940 2192  547  102   17    3    0    0
    0    0    0    0    0    0    0    0    0    0    0]
[ 533  613  673  778 1100 1283 1675 1720  456  117   11    1    1    1
    0    1    0    0    0    0    0    0    0    0    0]
[ 385  440  453  588  903 1130 1444 1564  441   79   16    2    0    1
    0    0    0    0    0    0    0    0    0    0    0]
[ 296  251  271  334  641  883 1185 1361  363   81   23    6    0    5
    3    0    0    0    0    0    0    0    0    0    0]
[ 168  118  130  206  478  755 1038 1233  365   96   10    1    1    1
    4    1    0    0    0    0    0    0    0    0    0]
[ 102   82   73  158  362  550  964 1160  414   94   16    1    1    3
    1    2    0    0    0    0    0    0    0    0    0]
[ 72  48  44 105 265 513 783 940 349 106  14  10   3   2   1   0   0   0
   0   0   0   0   0   0   0]
[ 64  38  27  68 233 434 710 828 319 123  29   6   0   1   3   0   0   0
   0   0   0   0   0   0   0]
[ 52  25  27  63 156 344 514 600 274  70  18   5   2   3   0   0   0   0
   0   0   0   0   0   0   0]
[ 41  11  19  54 117 257 478 513 242  70  22   5   0   0   0   0   0   0
   0   0   0   0   0   0   0]
[ 17  13   3  25  48 171 306 362 179 118  39  10   2   0   1   0   0   0
   0   0   0   0   0   0   0]
[  3   1   3  15  35  99 254 311 197  90  40  10   8   1   1   0   0   0
   0   0   0   0   0   0   0]
[  2   2   0   8  12  36 110 142 143  97  44  16  12   3   1   0   0   0
   0   0   0   0   0   0   0]
[ 0  2  1  3  4 12 57 90 71 61 23 10  5  4  1  0  0  0  0  0  0  0  0  0
  0]
[ 1  0  0  2  1 23 20 46 56 30 20  6  6  4  4  1  0  0  0  0  0  0  0  0
  0]
[ 0  0  0  0  2  3 21 39 45 14  5  4  0  2  0  1  0  0  0  0  0  0  0  0
  0]
[ 0  0  0  0  0  3  4 11 16 12  6  1  1  0  0  0  0  0  0  0  0  0  0  0
  0]
[ 0  0  0  0  0  0  2  5 17 12  6  0  0  0  0  0  0  0  0  0  0  0  0  0
  0]
[0 0 0 0 0 0 0 2 7 7 1 1 0 0 0 0 0 0 0 0 0 0 0 0 0]
