[ 343  734 1194 1383 1172  965  601  230   50   14    6    0    0    0
    0    0    0    0    0    0    0    0    0    0    0]
[125 242 405 550 566 454 412 148  42   8   2   0   0   0   0   0   0   0
   0   0   0   0   0   0   0]
[ 76 126 192 226 307 359 299 164  43  10   2   0   0   0   0   0   0   0
   0   0   0   0   0   0   0]
[148 264 366 469 608 817 754 406 152  27   4   0   0   0   0   0   0   0
   0   0   0   0   0   0   0]
[ 125  243  409  458  624  969 1150  687  292   61    9    3    0    0
    0    0    0    0    0    0    0    0    0    0    0]
[ 68 129 159 253 314 585 774 604 251  76  14   2   0   0   0   0   0   0
   0   0   0   0   0   0   0]
[ 20  46  67  67 118 233 390 269 108  38   5   0   0   0   0   0   0   0
   0   0   0   0   0   0   0]
[ 12  24  57  68 128 388 637 490 264  84  31   6   0   0   0   0   0   0
   0   0   0   0   0   0   0]
[  15   17   26   73  165  505 1125  954  488  167   38    5    0    1
    0    0    0    0    0    0    0    0    0    0    0]
[   7    5   19   44  112  365 1041 1059  592  193   36    3    0    0
    0    0    0    0    0    0    0    0    0    0    0]
[  2   4   7  22  50 192 488 518 357 150  33   8   1   0   0   0   0   0
   0   0   0   0   0   0   0]
[  5   3   6  14  35 145 462 520 347 167  50   3   1   0   0   0   0   0
   0   0   0   0   0   0   0]
[  5   4   6  12  38 167 616 832 631 250  73  21   3   0   0   0   0   0
   0   0   0   0   0   0   0]
[  7   6   6  14  24 139 580 935 661 290  91  17   2   0   0   0   0   0
   0   0   0   0   0   0   0]
[  5   1   4   7  19  67 342 621 424 211  89  16   4   0   0   0   0   0
   0   0   0   0   0   0   0]
[ 12   4   5  11  12  46 260 517 378 218  91  30   5   0   0   0   0   0
   0   0   0   0   0   0   0]
[ 10   9   5   9  16  35 296 791 627 262 137  44   9   3   0   0   0   0
   0   0   0   0   0   0   0]
[  27   15   19   19   22   46  425 1324 1287  584  207   75   24    3
    0    0    0    0    0    0    0    0    0    0    0]
[  21    8   16   16   20   31  329 1210 1442  715  244   67   17    3
    0    0    0    0    0    0    0    0    0    0    0]
[  13    3    9   14   25   27  276 1299 1725  975  383  136   52   11
    8    4    2    0    0    0    0    0    0    0    0]
