[ 651 1385 2279 2403 2124 1577  977  384   81   20    2    0    0    0
    0    0    0    0    0    0    0    0    0    0    0]
[ 255  519  979 1078 1086  936  685  203   44    1    2    0    0    0
    0    0    0    0    0    0    0    0    0    0    0]
[141 330 484 554 678 787 620 288  69   4   3   0   0   0   0   0   0   0
   0   0   0   0   0   0   0]
[ 157  371  552  637  795 1166 1131  574  197   37    3    1    0    0
    0    0    0    0    0    0    0    0    0    0    0]
[ 201  422  673  694  908 1632 1948 1096  392   94    6    0    0    0
    0    0    0    0    0    0    0    0    0    0    0]
[  79  200  313  340  508 1040 1487  962  356   88   14    0    0    0
    0    0    0    0    0    0    0    0    0    0    0]
[ 26  65 106 129 242 594 829 493 199  67  11   4   0   0   0   0   0   0
   0   0   0   0   0   0   0]
[  22   32   46  101  180  640 1038  706  338   81   11    2    0    0
    0    0    0    0    0    0    0    0    0    0    0]
[  21   27   55  100  286  897 2038 1682  778  203   27    0    0    0
    0    0    0    0    0    0    0    0    0    0    0]
[  15   27   38   74  249  856 2135 2217 1132  366   53   11    0    0
    0    0    0    0    0    0    0    0    0    0    0]
[  11   11   11   34  112  458 1181 1336  676  216   63    3    0    0
    0    0    0    0    0    0    0    0    0    0    0]
[  9   7   9  20  88 308 900 922 460 164  76  10   1   0   0   0   0   0
   0   0   0   0   0   0   0]
[  11    8    9   30   64  283 1116 1387  860  341  100   17    0    0
    0    0    0    0    0    0    0    0    0    0    0]
[  21    8    7   26   97  311 1364 2119 1525  679  185   30    5    0
    0    0    0    0    0    0    0    0    0    0    0]
[  10   10    6   27   38  202  815 1393 1000  448  148   35    1    0
    0    0    0    0    0    0    0    0    0    0    0]
[ 17  11  12  20  31  96 544 957 629 319 145  57   4   0   0   0   0   0
   0   0   0   0   0   0   0]
[  36   25   33   47   37   92  680 1609 1202  506  225   84   10    1
    0    0    0    0    0    0    0    0    0    0    0]
[  44   32   44   59   45  136  858 2788 2657 1211  416   93   24    1
    0    0    0    0    0    0    0    0    0    0    0]
[  17   19    9   23   37   75  654 2377 2544 1338  451  152   29    7
    0    0    0    0    0    0    0    0    0    0    0]
[  10    8   22   43   75   85  642 2730 3386 1788  694  246   75   26
    9    1    2    0    0    0    0    1    0    0    0]
