[147 290 413 384 287 269 125  47  15   5   0   0   0   0   0   0   0   0
   0   0   0   0   0   0   0]
[174 396 756 828 789 594 461 164  43   8   1   1   0   0   0   0   0   0
   0   0   0   0   0   0   0]
[ 39  98 186 204 242 264 207  81  22   3   0   0   0   0   0   0   0   0
   0   0   0   0   0   0   0]
[ 14  47  67  80  97 101  98  58  16   7   4   0   0   0   0   0   0   0
   0   0   0   0   0   0   0]
[ 28  53 103 101  96 129 151 100  58   7   0   0   0   0   0   0   0   0
   0   0   0   0   0   0   0]
[ 38 103 112 153 190 282 472 290 118  17   2   0   0   0   0   0   0   0
   0   0   0   0   0   0   0]
[ 22  53  59  85 131 317 609 405 139  44   1   0   0   0   0   0   0   0
   0   0   0   0   0   0   0]
[  7   4  19  18  46  97 143 114  41  11   0   1   0   0   0   0   0   0
   0   0   0   0   0   0   0]
[ 2  2  8 11 16 54 88 85 63 12  5  0  0  0  0  0  0  0  0  0  0  0  0  0
  0]
[  4   4   5  13  23  87 210 197 134  44   6   1   0   0   0   0   0   0
   0   0   0   0   0   0   0]
[  7   8   7  34  68 169 519 635 350 120  27   0   0   0   0   0   0   0
   0   0   0   0   0   0   0]
[  0   2   3   7  23  82 280 326 170  78  15   1   0   0   0   0   0   0
   0   0   0   0   0   0   0]
[ 3  1  0  1 12 32 69 99 61 31 14  1  0  0  0  0  0  0  0  0  0  0  0  0
  0]
[  4   1   1   3  12  36 116 143  82  60  32   8   1   0   0   0   0   0
   0   0   0   0   0   0   0]
[ 16   7  10  14  30  78 295 499 330 161  49   8   0   0   0   0   0   0
   0   0   0   0   0   0   0]
[  5   1   6  11  13  38 180 431 275 109  37   8   4   0   0   0   0   0
   0   0   0   0   0   0   0]
[  0   2   1   2   6   9  56 132 103  48  38  25  10   1   0   0   0   0
   0   0   0   0   0   0   0]
[ 12   8   7   5   6   9  93 271 284 152  76  26   8   1   0   0   0   0
   0   0   0   0   0   0   0]
[  42   19   32   36   34   46  285  953 1057  531  174   53   14    2
    0    0    0    0    0    0    0    0    0    0    0]
[  7   4   2   9  18  23 133 563 806 383 129  43  16   8   7   1   0   0
   0   0   0   0   0   0   0]
