[ 292  682 1090 1093  823  617  379  112   25    3    1    0    0    0
    0    0    0    0    0    0    0    0    0    0    0]
[ 318  750 1373 1504 1388 1168  813  249   50    2    3    0    0    0
    0    0    0    0    0    0    0    0    0    0    0]
[103 225 310 456 517 542 449 147  19   1   0   0   0   0   0   0   0   0
   0   0   0   0   0   0   0]
[ 51 138 225 230 318 347 359 163  32   7   0   0   0   0   0   0   0   0
   0   0   0   0   0   0   0]
[ 63 138 208 243 274 474 536 229 103  18   1   0   0   0   0   0   0   0
   0   0   0   0   0   0   0]
[ 68 172 279 298 418 721 959 574 167  27   5   1   0   0   0   0   0   0
   0   0   0   0   0   0   0]
[  32   95  150  159  303  558 1033  705  186   39    5    0    0    0
    0    0    0    0    0    0    0    0    0    0    0]
[  8  12  32  46 131 251 413 261  72  16   0   0   0   0   0   0   0   0
   0   0   0   0   0   0   0]
[  4   7  20  32  90 261 472 359 139  33   8   1   0   0   0   0   0   0
   0   0   0   0   0   0   0]
[  6  15  18  44 108 268 672 615 285  93  16   0   0   0   0   0   0   0
   0   0   0   0   0   0   0]
[  11   11   22   48  163  435 1039 1122  526  169   21    1    0    0
    0    0    0    0    0    0    0    0    0    0    0]
[  7   5   7  26  77 226 595 740 325  96  25   0   0   0   0   0   0   0
   0   0   0   0   0   0   0]
[  4   3   3  10  25  98 295 355 173  94  41   4   0   0   0   0   0   0
   0   0   0   0   0   0   0]
[ 13   6   6  14  30  90 410 577 302 138  48  10   0   0   0   0   0   0
   0   0   0   0   0   0   0]
[  23   19   21   32   58  190  730 1144  766  291  122   23    3    0
    0    0    0    0    0    0    0    0    0    0    0]
[  4   2   3  14  33  93 478 857 521 199 104  29   2   0   0   0   0   0
   0   0   0   0   0   0   0]
[ 11   5   3  10  22  45 265 504 356 149  68  36   7   2   0   0   0   0
   0   0   0   0   0   0   0]
[  22   16   26   28   28   41  442 1239 1038  414  138   69   20    0
    0    0    0    0    0    0    0    0    0    0    0]
[  64   40   62   79   73  121  743 2399 2240  996  314  102   30    4
    0    0    0    0    0    0    0    0    0    0    0]
[   9    3   12   14   30   62  400 1300 1469  723  268   99   33    8
    7    4    0    0    0    0    0    0    0    0    0]
