[29 38 70 44 59 55 79 37  3  0  0  0  0  0  0  0  0  0  0  0  0  0  0  0
  0]
[ 23  56  70  85  76  95 121  98  23   7   1   0   0   0   0   0   0   0
   0   0   0   0   0   0   0]
[ 80  97 109 102 103 122 219 152  39  12   1   0   0   0   0   0   0   0
   0   0   0   0   0   0   0]
[ 75  97 113 124 119 141 216 176  83  19   7   0   0   0   0   0   0   0
   0   0   0   0   0   0   0]
[ 59  84  72 107  84 114 118 139 103  37   5   0   1   0   0   0   0   0
   0   0   0   0   0   0   0]
[ 28  41  66  58  86  90 128 131  90  42  10   0   0   0   0   0   0   0
   0   0   0   0   0   0   0]
[ 30  30  47  50  64  93 137 128  95  36  10   0   0   0   0   0   0   0
   0   0   0   0   0   0   0]
[  9  17  25  27  59  90 140 197 128  39  15   1   0   0   0   0   0   0
   0   0   0   0   0   0   0]
[ 11  13  10  22  47  80 137 241 165  76  12   3   0   0   1   0   0   0
   0   0   0   0   0   0   0]
[ 14  11   8  16  24  68 148 245 193  82  19   3   0   0   0   0   0   0
   0   0   0   0   0   0   0]
[  5   2   4   8  26  62 165 225 154  84  20   4   0   0   0   0   0   0
   0   0   0   0   0   0   0]
[  7   6   5   2  24  58 168 258 185  97  25   4   5   0   0   0   0   0
   0   0   1   0   0   0   0]
[  9   6   6  13  14  58 152 235 201 111  32   6   7   4   0   0   0   0
   0   0   0   0   0   0   0]
[  6   4   6   1  14  42 142 291 255 135  53  16   5   3   0   0   0   0
   0   0   0   0   0   0   0]
[  4   4   6   9   7  29 128 285 305 138  59  18   6   2   0   0   0   0
   0   1   0   0   0   0   0]
[  9   4   5   7   6  26 103 214 285 149  67  27   5   3   0   0   0   0
   0   0   0   0   0   0   0]
[  9   4   1   2   9  19  95 199 214 141  72  22  10   6   0   0   0   0
   0   3   0   0   0   0   0]
[  1   3   1   1   7  10  65 190 230 164  76  22   7   4   0   1   0   0
   0   0   0   0   0   0   0]
[  5   0   1   6   8   9  68 203 280 208  76  41  11  12   2   0   0   0
   0   1   0   0   0   0   0]
[  5   1   1   2   5  12  62 201 310 260 142  60  25  11   2   0   0   0
   1   8   2   0   0   0   0]
