[1322 2099 1842 2131 2105 2597 3095 3458  871  171   16    0    0    1
    1    0    0    0    0    0    0    0    0    0    0]
[ 992 1295 1574 1702 1823 2174 2978 3323  863  170   28    4    0    0
    0    0    0    0    0    0    0    0    0    0    0]
[ 709  872 1015 1196 1529 1958 2634 2812  775  201   20    2    2    1
    0    1    0    0    0    0    0    0    0    0    0]
[ 509  598  678  823 1262 1651 2335 2623  767  151   27    2    0    2
    0    0    0    0    0    0    0    0    0    0    0]
[ 374  350  396  532  906 1376 1925 2258  624  144   29    6    0    6
    3    0    0    0    0    0    0    0    0    0    0]
[ 228  184  180  294  681 1198 1688 1986  635  155   21    3    1    1
    4    1    0    0    0    0    0    0    0    0    0]
[ 161  125  113  225  491  847 1447 1735  629  156   35    4    3    3
    1    2    0    0    0    0    0    0    0    0    0]
[ 123   66   75  153  380  764 1235 1415  567  177   26   14    3    2
    1    0    0    0    0    0    0    0    0    0    0]
[ 101   57   47   97  321  620 1081 1298  532  196   40    9    1    1
    3    0    0    0    0    0    0    0    0    0    0]
[ 75  34  31  93 213 483 822 980 479 127  41  10   6   5   0   0   0   0
   0   0   0   0   0   0   0]
[ 58  24  27  66 153 340 674 801 372 121  30   7   4   0   0   0   0   0
   0   0   0   0   0   0   0]
[ 26  21   5  34  82 238 446 532 303 163  44  17   3   0   1   0   0   0
   0   0   0   0   0   0   0]
[  4   4   7  22  49 140 369 450 292 116  51  15   9   2   1   0   0   0
   0   0   0   0   0   0   0]
[  3   2   2  13  18  53 169 234 200 118  50  19  13   5   1   0   0   0
   0   0   0   0   0   0   0]
[  1   2   1   3   6  21 104 165 116  84  29  12   6   4   1   0   0   0
   0   0   0   0   0   0   0]
[ 1  0  0  4  1 25 33 64 76 39 22  6  7  4  4  1  0  0  0  1  0  0  0  0
  0]
[ 0  1  0  1  3  4 26 56 57 23  6  4  0  2  0  1  0  0  0  1  0  0  0  0
  0]
[ 2  0  0  0  0  3  5 13 20 14  7  1  1  0  0  0  0  0  0  0  0  0  0  0
  0]
[ 0  0  0  0  0  0  2  5 17 12  6  0  0  0  0  0  0  0  0  0  0  0  0  0
  0]
[0 0 0 0 0 0 0 2 7 7 1 1 0 0 0 0 0 0 0 0 0 0 0 0 0]
