[20 28 28 30 27 24 12  6  5  0  0  0  0  0  0  0  0  0  0  0  0  0  0  0
  0]
[11 24 38 36 38 40 19  6  1  0  0  0  0  0  0  0  0  0  0  0  0  0  0  0
  0]
[11 21 29 26 33 25 11  9  3  4  1  0  0  0  0  0  0  0  0  0  0  0  0  0
  0]
[17 24 41 56 47 37 48 17 13  4  1  0  0  0  0  0  0  0  0  0  0  0  0  0
  0]
[ 7 15 22 26 23 40 39 29 20  0  1  0  1  0  0  0  0  0  0  0  0  0  0  0
  0]
[ 8 11 22 22 28 26 25 23 11  6  1  0  0  0  0  0  0  0  0  0  0  0  0  0
  0]
[13  6 15 23 25 27 32 45 17 15  1  0  1  0  0  0  0  0  0  0  0  0  0  0
  0]
[ 3  7 13  7 15 52 41 48 38 24  5  2  0  0  0  0  0  0  0  0  0  0  0  0
  0]
[ 2  2  6 12  8 27 49 50 20 19  5  1  0  0  0  0  0  0  0  0  0  0  0  0
  0]
[ 1  2  1  4  8 12 26 33 29  7  2  1  0  0  0  0  0  0  0  0  0  0  0  0
  0]
[ 1  0  1  1  3 12 32 39 26 16  2  1  0  0  0  0  0  0  0  0  0  0  0  0
  0]
[ 0  0  1  0  2 11 40 51 42 26 13  1  1  0  0  0  0  0  0  0  0  0  0  0
  0]
[ 1  0  2  0  1 12 44 51 37 28 18  2  0  0  0  0  0  0  0  0  0  0  0  0
  0]
[ 0  0  0  0  4  9 32 50 43 27 17  3  0  0  0  0  0  0  0  0  0  0  0  0
  0]
[ 0  0  0  0  0 12 25 61 49 31 21  4  0  0  0  0  0  0  0  0  0  0  0  0
  0]
[ 2  0  1  1  2  3 29 57 45 34 20 11  2  3  0  0  0  0  0  0  0  0  0  0
  0]
[ 0  0  0  3  1 10 25 84 94 48 33  8  4  0  0  0  0  0  0  0  0  0  0  0
  0]
[ 0  0  0  0  2  5 24 79 98 57 27 16  7  0  0  0  0  0  0  0  0  0  0  0
  0]
[  0   1   0   0   1   3  36  91 124  95  55  28   8   1   1   0   0   0
   0   0   0   0   0   0   0]
[  0   1   0   0   0   3  37 154 204 144  83  40  17   5   4   2   0   0
   0   0   0   0   0   0   0]
