[195 459 721 763 587 437 270  75  15   0   0   0   0   0   0   0   0   0
   0   0   0   0   0   0   0]
[141 355 581 683 659 541 380 140  23   1   1   0   0   0   0   0   0   0
   0   0   0   0   0   0   0]
[ 50 123 175 229 266 282 253  87  14   0   0   0   0   0   0   0   0   0
   0   0   0   0   0   0   0]
[ 33  92 149 155 217 240 209 110  22   7   0   0   0   0   0   0   0   0
   0   0   0   0   0   0   0]
[ 45 110 167 193 221 378 419 174  79  14   1   0   0   0   0   0   0   0
   0   0   0   0   0   0   0]
[ 42  92 146 165 226 450 611 364 107  17   4   1   0   0   0   0   0   0
   0   0   0   0   0   0   0]
[ 16  38  72  62 156 252 484 341  86  15   0   0   0   0   0   0   0   0
   0   0   0   0   0   0   0]
[  4   8  19  23  80 148 233 139  45  11   0   0   0   0   0   0   0   0
   0   0   0   0   0   0   0]
[  1   3  14  27  66 210 344 255  86  28   6   1   0   0   0   0   0   0
   0   0   0   0   0   0   0]
[  6   6  12  21  83 199 504 454 197  68  12   0   0   0   0   0   0   0
   0   0   0   0   0   0   0]
[  6   6  10  25  88 226 565 627 282  97   7   1   0   0   0   0   0   0
   0   0   0   0   0   0   0]
[  2   2   4   9  20 111 282 368 165  51  11   0   0   0   0   0   0   0
   0   0   0   0   0   0   0]
[  0   2   3   5  19  78 242 259 121  66  27   4   0   0   0   0   0   0
   0   0   0   0   0   0   0]
[ 10   6   5   9  20  64 291 427 214 103  36   4   0   0   0   0   0   0
   0   0   0   0   0   0   0]
[ 12  11  14  23  19  99 399 665 465 154  77  13   3   0   0   0   0   0
   0   0   0   0   0   0   0]
[  1   1   0   5   9  40 209 424 280 101  60  21   0   0   0   0   0   0
   0   0   0   0   0   0   0]
[  8   2   1   7  15  35 192 398 265 118  58  29   5   1   0   0   0   0
   0   0   0   0   0   0   0]
[ 15  10  14  15  20  28 338 962 819 319 103  60  16   0   0   0   0   0
   0   0   0   0   0   0   0]
[  28   17   30   36   42   68  398 1369 1406  620  200   68   18    3
    0    0    0    0    0    0    0    0    0    0    0]
[  5   2   5   9  18  29 225 751 932 457 179  63  27   7   6   3   0   0
   0   0   0   0   0   0   0]
