[ 6  7 12  7  6  9 15 11  0  0  0  0  0  0  0  0  0  0  0  0  0  0  0  0
  0]
[ 3  8  7 17 14 11 15 19  0  0  0  0  0  0  0  0  0  0  0  0  0  0  0  0
  0]
[ 2  8 15 10 14 12 19  9  1  0  0  0  0  0  0  0  0  0  0  0  0  0  0  0
  0]
[ 4  7  7 15 18 22 21 13 17  7  1  0  0  0  0  0  0  0  0  0  0  0  0  0
  0]
[ 1  3  4 11 10 22 11 18 16 15  3  0  0  0  0  0  0  0  0  0  0  0  0  0
  0]
[ 1  4  9  6 13 24 30 13 18 12  3  0  0  0  0  0  0  0  0  0  0  0  0  0
  0]
[ 0  0  1  0  6 13 35 16 17 11  3  0  0  0  0  0  0  0  0  0  0  0  0  0
  0]
[ 1  2  2  2 10 15 41 38 33 10  3  0  0  0  0  0  0  0  0  0  0  0  0  0
  0]
[ 2  0  1  5 13 28 31 62 42 14  1  1  0  0  1  0  0  0  0  0  0  0  0  0
  0]
[ 2  1  2  2  6 27 43 56 47 19  9  0  0  0  0  0  0  0  0  0  0  0  0  0
  0]
[ 1  0  2  2  3 14 35 52 26 22  6  1  0  0  0  0  0  0  0  0  0  0  0  0
  0]
[ 1  1  0  1  5 14 41 63 42 35  7  1  0  0  0  0  0  0  0  0  1  0  0  0
  0]
[ 3  3  0  4  5 15 36 63 58 38 11  2  1  1  0  0  0  0  0  0  0  0  0  0
  0]
[ 2  2  1  0  7 11 33 67 79 39 12  7  2  1  0  0  0  0  0  0  0  0  0  0
  0]
[ 0  2  2  4  2  9 39 63 75 40 11  5  0  0  0  0  0  0  0  1  0  0  0  0
  0]
[ 2  2  3  1  2  9 24 70 65 38 14  8  3  3  0  0  0  0  0  0  0  0  0  0
  0]
[ 0  0  0  0  2  2 21 68 60 50 19  7  1  0  0  0  0  0  0  0  0  0  0  0
  0]
[ 0  1  0  0  0  1 17 43 73 49 26  5  1  1  0  0  0  0  0  0  0  0  0  0
  0]
[ 2  0  1  2  3  3 25 60 93 85 34 13  0  2  0  0  0  0  0  1  0  0  0  0
  0]
[  2   1   0   0   3   6  23  77 120 135  73  30  11   7   1   0   0   0
   0   6   2   0   0   0   0]
