[17 21 21 21 21 12  2  3  4  0  0  0  0  0  0  0  0  0  0  0  0  0  0  0
  0]
[ 7 15 27 22 27 24 10  3  1  0  0  0  0  0  0  0  0  0  0  0  0  0  0  0
  0]
[ 8 13 20 17 17 18  7  5  1  1  1  0  0  0  0  0  0  0  0  0  0  0  0  0
  0]
[ 8 19 31 44 36 29 29 14  6  1  0  0  0  0  0  0  0  0  0  0  0  0  0  0
  0]
[ 5  9 21 20 19 29 27 20 14  0  1  0  0  0  0  0  0  0  0  0  0  0  0  0
  0]
[ 5  9 16 17 16 12 17 14  5  5  1  0  0  0  0  0  0  0  0  0  0  0  0  0
  0]
[ 9  4 10 17 16 18 19 30  9  6  0  0  1  0  0  0  0  0  0  0  0  0  0  0
  0]
[ 2  6  9  4 10 37 23 37 24 17  2  1  0  0  0  0  0  0  0  0  0  0  0  0
  0]
[ 1  2  3  9  8 19 34 35 19 14  4  0  0  0  0  0  0  0  0  0  0  0  0  0
  0]
[ 1  2  1  2  5  8 17 20 19  4  1  0  0  0  0  0  0  0  0  0  0  0  0  0
  0]
[ 0  0  1  1  2  8 19 27 15  6  0  0  0  0  0  0  0  0  0  0  0  0  0  0
  0]
[ 0  0  1  0  1  9 31 33 29 15 10  1  0  0  0  0  0  0  0  0  0  0  0  0
  0]
[ 1  0  2  0  1  9 25 38 23 15  8  2  0  0  0  0  0  0  0  0  0  0  0  0
  0]
[ 0  0  0  0  2  5 18 33 30 16 12  3  0  0  0  0  0  0  0  0  0  0  0  0
  0]
[ 0  0  0  0  0  9 12 41 31 16 10  2  0  0  0  0  0  0  0  0  0  0  0  0
  0]
[ 2  0  0  1  0  0 19 33 27 18 14  7  0  0  0  0  0  0  0  0  0  0  0  0
  0]
[ 0  0  0  1  1  7 18 59 60 27 18  4  2  0  0  0  0  0  0  0  0  0  0  0
  0]
[ 0  0  0  0  2  5 17 49 59 38 15  9  5  0  0  0  0  0  0  0  0  0  0  0
  0]
[ 0  0  0  0  0  3 27 58 67 52 23 11  4  1  0  0  0  0  0  0  0  0  0  0
  0]
[  0   0   0   0   0   3  28 103 135  82  45  18  11   3   2   1   0   0
   0   0   0   0   0   0   0]
