[25 62 78 71 58 40 20  7  2  0  0  0  0  0  0  0  0  0  0  0  0  0  0  0
  0]
[29 66 90 70 68 50 20 10  4  1  0  0  0  0  0  0  0  0  0  0  0  0  0  0
  0]
[ 18  58  83 100  76  69  36  15   1   1   0   0   0   0   0   0   0   0
   0   0   0   0   0   0   0]
[19 36 55 54 74 70 56 31  9  1  0  0  0  0  0  0  0  0  0  0  0  0  0  0
  0]
[11 33 35 39 45 73 71 31 12  0  0  0  0  0  0  0  0  0  0  0  0  0  0  0
  0]
[ 7 23 28 45 33 68 70 57 13  2  0  0  0  0  0  0  0  0  0  0  0  0  0  0
  0]
[ 5 20 25 30 42 73 84 53 25  8  1  0  0  0  0  0  0  0  0  0  0  0  0  0
  0]
[ 2  6  7 14 25 55 84 55 14  5  3  1  0  0  0  0  0  0  0  0  0  0  0  0
  0]
[ 2  4  9  8 14 34 84 49 22  9  4  1  0  0  0  0  0  0  0  0  0  0  0  0
  0]
[ 1  2  3  5 16 34 91 65 36  8  3  2  0  0  0  0  0  0  0  0  0  0  0  0
  0]
[ 3  0  2  1 15 33 68 92 48 18  5  0  1  0  0  0  0  0  0  0  0  0  0  0
  0]
[ 1  0  0  1  9 25 81 65 49 25  7  0  0  0  0  0  0  0  0  0  0  0  0  0
  0]
[ 1  0  1  0  3 19 86 95 65 34  8  4  1  0  0  0  0  0  0  0  0  0  0  0
  0]
[  2   0   2   1   7  18  80 120  68  39  16   2   0   0   0   0   0   0
   0   0   0   0   0   0   0]
[  0   1   1   0   5  21  75 108 101  46  23   7   0   1   0   0   0   0
   0   0   0   0   0   0   0]
[  0   0   0   0   3  15  64 168 135  61  39  14   2   0   0   0   0   0
   0   0   0   0   0   0   0]
[  5   1   0   3   3   6  71 180 159  75  56  35   6   0   0   0   0   0
   0   0   0   0   0   0   0]
[  2   0   0   1   4   7  70 189 182 115  79  48   9   0   0   0   0   0
   0   0   0   0   0   0   0]
[  2   1   1   1   0   7  77 248 273 188 109  51  18   0   0   0   0   0
   0   0   0   0   0   0   0]
[  4   0   0   2   4   9  76 279 423 270 132  84  61  26  11   1   0   0
   0   5   1   0   0   0   0]
