[ 665  871  747 1042  866 1185 1291 1485  306   61    7    0    0    1
    1    0    0    0    0    0    0    0    0    0    0]
[ 441  545  592  685  857  915 1233 1288  315   63   11    3    0    0
    0    0    0    0    0    0    0    0    0    0    0]
[ 324  376  424  525  797  848 1049 1028  288   78    6    0    1    1
    0    1    0    0    0    0    0    0    0    0    0]
[ 252  297  300  400  609  733  939 1004  287   52   12    1    0    1
    0    0    0    0    0    0    0    0    0    0    0]
[183 158 178 228 430 609 795 932 262  56  18   3   0   5   3   0   0   0
   0   0   0   0   0   0   0]
[108  85 105 143 350 534 710 868 260  68   6   1   1   1   4   1   0   0
   0   0   0   0   0   0   0]
[ 78  54  49 113 266 358 653 811 298  64  13   1   0   3   0   2   0   0
   0   0   0   0   0   0   0]
[ 46  35  25  72 193 340 559 705 272  78   8   6   2   2   1   0   0   0
   0   0   0   0   0   0   0]
[ 49  22  18  52 192 316 510 634 243  91  24   4   0   1   3   0   0   0
   0   0   0   0   0   0   0]
[ 31  19  22  44 112 249 351 431 210  51  13   5   1   1   0   0   0   0
   0   0   0   0   0   0   0]
[ 30   8  12  40  94 203 352 371 180  54  20   4   0   0   0   0   0   0
   0   0   0   0   0   0   0]
[ 13   5   2  19  45 155 253 304 155  82  36   8   1   0   0   0   0   0
   0   0   0   0   0   0   0]
[  3   1   3  14  32  93 226 280 170  82  39   7   6   1   1   0   0   0
   0   0   0   0   0   0   0]
[  2   2   0   7  12  34  98 126 128  95  41  14  11   3   1   0   0   0
   0   0   0   0   0   0   0]
[ 0  1  0  2  4 11 54 79 64 58 23 10  5  3  1  0  0  0  0  0  0  0  0  0
  0]
[ 1  0  0  2  1 22 20 45 49 30 19  6  6  4  4  1  0  0  0  0  0  0  0  0
  0]
[ 0  0  0  0  2  3 19 37 43 11  5  4  0  2  0  1  0  0  0  0  0  0  0  0
  0]
[ 0  0  0  0  0  3  4 10 16 12  6  1  1  0  0  0  0  0  0  0  0  0  0  0
  0]
[ 0  0  0  0  0  0  2  4 16 11  3  0  0  0  0  0  0  0  0  0  0  0  0  0
  0]
[0 0 0 0 0 0 0 2 7 7 0 1 0 0 0 0 0 0 0 0 0 0 0 0 0]
