[196 438 749 878 741 576 387 160  36   9   3   0   0   0   0   0   0   0
   0   0   0   0   0   0   0]
[ 64 136 244 331 328 254 257  86  20   4   1   0   0   0   0   0   0   0
   0   0   0   0   0   0   0]
[ 52  84 147 170 206 254 203  98  20   3   2   0   0   0   0   0   0   0
   0   0   0   0   0   0   0]
[ 93 184 240 294 412 503 456 254  99  15   4   0   0   0   0   0   0   0
   0   0   0   0   0   0   0]
[ 82 143 257 296 369 601 705 442 214  38   9   1   0   0   0   0   0   0
   0   0   0   0   0   0   0]
[ 48  94  95 164 198 340 472 389 162  45  11   1   0   0   0   0   0   0
   0   0   0   0   0   0   0]
[ 15  27  45  51  84 139 245 165  56  20   2   0   0   0   0   0   0   0
   0   0   0   0   0   0   0]
[  4  15  31  40  84 232 421 288 144  37  16   1   0   0   0   0   0   0
   0   0   0   0   0   0   0]
[  5  11  12  40 110 296 595 568 306 108  27   3   0   1   0   0   0   0
   0   0   0   0   0   0   0]
[  4   2  12  22  65 201 635 677 391 125  21   1   0   0   0   0   0   0
   0   0   0   0   0   0   0]
[  1   3   6  15  32 119 264 318 225  96  17   6   1   0   0   0   0   0
   0   0   0   0   0   0   0]
[  3   2   6  12  29  87 285 309 187  97  25   2   1   0   0   0   0   0
   0   0   0   0   0   0   0]
[  3   3   5   9  29 102 335 476 365 129  39  16   0   0   0   0   0   0
   0   0   0   0   0   0   0]
[  7   4   4  11  14  85 333 507 434 157  51  11   1   0   0   0   0   0
   0   0   0   0   0   0   0]
[  5   1   3   3  12  42 190 365 257 137  58   7   3   0   0   0   0   0
   0   0   0   0   0   0   0]
[ 11   3   3  10   7  32 172 327 235 139  55  16   4   0   0   0   0   0
   0   0   0   0   0   0   0]
[  7   7   3   6  13  25 171 465 347 152  68  25   8   1   0   0   0   0
   0   0   0   0   0   0   0]
[ 15   8  10  12  11  28 249 722 760 357 117  45  13   2   0   0   0   0
   0   0   0   0   0   0   0]
[ 16   5  13  10  12  15 188 721 873 452 166  40  10   1   0   0   0   0
   0   0   0   0   0   0   0]
[   4    2    9   13   19   20  195  849 1107  653  240   78   22    3
    6    4    1    0    0    0    0    0    0    0    0]
