[19 26 25 28 26 20  9  5  4  0  0  0  0  0  0  0  0  0  0  0  0  0  0  0
  0]
[ 9 19 29 30 32 33 12  5  1  0  0  0  0  0  0  0  0  0  0  0  0  0  0  0
  0]
[ 9 14 21 19 21 24  9  8  1  1  1  0  0  0  0  0  0  0  0  0  0  0  0  0
  0]
[12 21 36 50 41 35 38 17 12  4  1  0  0  0  0  0  0  0  0  0  0  0  0  0
  0]
[ 6 11 21 22 21 38 38 25 19  0  1  0  1  0  0  0  0  0  0  0  0  0  0  0
  0]
[ 7 11 20 21 23 21 22 17  8  5  1  0  0  0  0  0  0  0  0  0  0  0  0  0
  0]
[10  4 12 19 20 23 26 34 12  6  1  0  1  0  0  0  0  0  0  0  0  0  0  0
  0]
[ 2  6  9  5 13 42 34 41 30 19  3  1  0  0  0  0  0  0  0  0  0  0  0  0
  0]
[ 2  2  4 11  8 23 45 49 20 18  4  0  0  0  0  0  0  0  0  0  0  0  0  0
  0]
[ 1  2  1  3  8 11 23 27 23  6  1  1  0  0  0  0  0  0  0  0  0  0  0  0
  0]
[ 1  0  1  1  2 11 28 32 21  8  1  1  0  0  0  0  0  0  0  0  0  0  0  0
  0]
[ 0  0  1  0  1 10 35 44 35 18 11  1  1  0  0  0  0  0  0  0  0  0  0  0
  0]
[ 1  0  2  0  1 10 38 49 31 19 14  2  0  0  0  0  0  0  0  0  0  0  0  0
  0]
[ 0  0  0  0  4  9 27 41 37 23 13  3  0  0  0  0  0  0  0  0  0  0  0  0
  0]
[ 0  0  0  0  0 11 22 51 44 23 16  3  0  0  0  0  0  0  0  0  0  0  0  0
  0]
[ 2  0  1  1  2  2 25 46 39 26 17 10  2  3  0  0  0  0  0  0  0  0  0  0
  0]
[ 0  0  0  2  1  8 25 80 85 42 28  7  3  0  0  0  0  0  0  0  0  0  0  0
  0]
[ 0  0  0  0  2  5 22 66 85 49 21 13  7  0  0  0  0  0  0  0  0  0  0  0
  0]
[ 0  1  0  0  1  3 34 80 95 74 41 22  5  1  1  0  0  0  0  0  0  0  0  0
  0]
[  0   1   0   0   0   3  30 132 173 122  61  33  17   5   3   1   0   0
   0   0   0   0   0   0   0]
