[321 578 856 810 552 409 219  73  16   4   1   0   0   0   0   0   0   0
   0   0   0   0   0   0   0]
[275 555 847 875 725 513 319 145  51  11   1   0   0   0   0   0   0   0
   0   0   0   0   0   0   0]
[301 538 834 876 887 763 544 292 102  27   6   0   0   0   0   0   0   0
   0   0   0   0   0   0   0]
[257 450 705 803 935 918 826 439 204  54  11   2   0   0   0   0   0   0
   0   0   0   0   0   0   0]
[232 393 530 637 770 855 872 593 286  60  13   2   0   0   0   0   0   0
   0   0   0   0   0   0   0]
[184 276 332 414 514 662 778 561 321  73  15   2   0   0   0   0   0   0
   0   0   0   0   0   0   0]
[ 91 180 239 282 368 504 670 635 349 154  29   0   0   0   0   0   0   0
   0   0   0   0   0   0   0]
[ 64 113 156 214 322 478 669 644 417 224  33   5   0   0   0   0   0   0
   0   1   0   0   0   0   0]
[ 48  68  99 140 234 433 643 689 497 200  66   9   1   0   0   0   0   0
   0   3   0   0   0   0   0]
[ 19  37  60  97 179 347 596 685 581 255  64  19   4   0   0   0   0   0
   0   1   0   0   0   0   0]
[ 15  15  19  38  98 245 492 696 512 296  96  30   4   4   0   0   0   0
   0   0   0   0   0   0   0]
[  4  12  12  23  64 239 511 753 643 349 144  33   4   1   1   0   0   0
   0   1   4   0   0   0   0]
[  4  10   8  17  59 207 572 853 679 422 186  56  10   0   1   0   0   0
   0   1   3   0   0   0   0]
[   5    5    6    9   41  176  563 1002  847  536  243   57   18    0
    1    0    0    0    0    2    7    0    0    0    0]
[  7   2   2   8  25 118 462 982 913 665 288  98  24   6   1   0   0   0
   0   2   6   0   0   0   0]
[   6    4    6    8   22  108  464 1053 1017  735  392  138   31    6
    3    0    0    0    0    4    5    0    0    0    0]
[   5    7    2    7   21   81  454 1089 1165  822  468  174   31   11
    2    0    0    0    0    1   14    0    0    0    0]
[   7    2    6    8   13   60  483 1363 1506 1037  603  263   70    5
    1    0    0    0    0    5   10    0    0    0    0]
[   1    3    4    8   11   63  459 1576 1869 1380  817  393  127   19
    9    6    0    0    0    8   47    0    0    0    0]
[   1    2    4    5   17   59  483 1870 2533 2139 1379  724  284   80
   29   14    6    0    1   10   64    0    0    0    0]
