[250 587 928 947 717 525 337  98  25   3   1   0   0   0   0   0   0   0
   0   0   0   0   0   0   0]
[ 265  635 1142 1241 1170  989  678  210   41    2    3    0    0    0
    0    0    0    0    0    0    0    0    0    0    0]
[ 87 190 265 372 444 474 380 128  16   1   0   0   0   0   0   0   0   0
   0   0   0   0   0   0   0]
[ 45 118 186 191 263 303 289 132  26   7   0   0   0   0   0   0   0   0
   0   0   0   0   0   0   0]
[ 55 125 184 213 246 422 465 193  94  16   1   0   0   0   0   0   0   0
   0   0   0   0   0   0   0]
[ 60 144 244 266 362 625 817 491 149  24   5   1   0   0   0   0   0   0
   0   0   0   0   0   0   0]
[ 28  80 132 130 264 483 878 595 157  32   4   0   0   0   0   0   0   0
   0   0   0   0   0   0   0]
[  8  12  31  42 121 236 375 223  64  14   0   0   0   0   0   0   0   0
   0   0   0   0   0   0   0]
[  1   4  17  30  79 227 400 296 103  30   6   1   0   0   0   0   0   0
   0   0   0   0   0   0   0]
[  6  13  16  38  98 233 578 546 262  90  16   0   0   0   0   0   0   0
   0   0   0   0   0   0   0]
[  9   9  20  44 152 367 883 964 457 149  19   1   0   0   0   0   0   0
   0   0   0   0   0   0   0]
[  7   4   7  22  67 206 515 654 263  74  19   0   0   0   0   0   0   0
   0   0   0   0   0   0   0]
[  4   3   3  10  23  91 272 315 146  75  30   4   0   0   0   0   0   0
   0   0   0   0   0   0   0]
[ 12   6   6  11  26  74 330 476 250 121  41   7   0   0   0   0   0   0
   0   0   0   0   0   0   0]
[ 21  17  19  29  44 164 628 996 660 262 104  19   3   0   0   0   0   0
   0   0   0   0   0   0   0]
[  4   2   3  13  27  86 418 759 452 175  92  26   1   0   0   0   0   0
   0   0   0   0   0   0   0]
[ 10   5   3   9  20  43 223 438 316 126  60  30   5   1   0   0   0   0
   0   0   0   0   0   0   0]
[  18   14   21   26   26   39  377 1076  917  358  119   62   17    0
    0    0    0    0    0    0    0    0    0    0    0]
[  58   31   51   67   68  110  655 2120 1983  903  301   96   27    3
    0    0    0    0    0    0    0    0    0    0    0]
[   8    3   12   14   29   57  358 1112 1303  630  236   93   28    8
    6    4    0    0    0    0    0    0    0    0    0]
