[102 177 226 210 158  87  47  12   9   2   0   0   0   0   0   0   0   0
   0   0   0   0   0   0   0]
[ 72 166 255 228 185 126  83  29  12   0   0   0   0   0   0   0   0   0
   0   0   0   0   0   0   0]
[ 57 126 219 211 225 220 120  59  10   4   0   0   0   0   0   0   0   0
   0   0   0   0   0   0   0]
[ 51 110 164 184 227 239 203 100  33  11   4   0   0   0   0   0   0   0
   0   0   0   0   0   0   0]
[ 50 107 155 154 200 226 209 146  61  15   1   0   1   0   0   0   0   0
   0   0   0   0   0   0   0]
[ 38  79  97 105 101 172 203 128  51  12   2   0   0   0   0   0   0   0
   0   0   0   0   0   0   0]
[ 29  33  57  55  80 131 137 104  57  20   5   0   0   0   0   0   0   0
   0   0   0   0   0   0   0]
[  9  23  38  51  78 121 191 155  79  15   7   4   0   0   0   0   0   0
   0   0   0   0   0   0   0]
[  4   8  21  21  52 117 192 148 107  27  10   2   0   0   0   0   0   0
   0   0   0   0   0   0   0]
[  2   3   8  10  37 104 160 156  87  46   9   3   0   0   0   0   0   0
   0   0   0   0   0   0   0]
[  1   1   1   7  33  89 148 172 103  48   6   1   1   1   0   0   0   0
   0   0   0   0   0   0   0]
[  7   2   1   9  21  63 163 225 151  56  12   0   0   1   0   0   0   0
   0   0   0   0   0   0   0]
[  2   0   0   0  22  73 176 231 161  87  32   8   2   0   0   0   0   0
   0   0   0   0   0   0   0]
[  1   1   1   3  12  58 185 259 167 109  53  11   2   1   0   0   0   0
   0   0   0   0   0   0   0]
[  2   0   0   2  15  44 169 292 235 134  66  24   2   0   0   0   0   0
   0   1   4   0   0   0   0]
[  1   0   2   4  10  52 185 383 265 175 124  28   6   2   0   0   0   0
   0   1   2   0   0   0   0]
[  0   1   5   1   6  23 142 390 343 207 146  71  22   1   0   0   0   0
   0   5   0   0   0   0   0]
[  4   4   1   4   5  20 167 403 463 313 196 108  38   6   1   0   1   0
   3   4   9   0   0   0   0]
[  2   0   3   3   6  31 175 561 735 481 255 124  32   4   0   1   0   0
   0  16  11   0   0   0   0]
[  3   2   0   8   6  16 171 644 924 650 381 201  93  41  12  10   1   0
   1  31  42   0   0   0   0]
