[ 46  63  63  79 105 130  78  52   8   1   0   0   0   0   0   0   0   0
   0   0   0   0   0   0   0]
[ 65  79  71  82  67 123 113 113  37   2   0   0   0   0   0   0   0   0
   0   0   0   0   0   0   0]
[ 32  42  59  49  72  88 166 191  96  36   5   0   0   0   0   0   0   0
   0   0   0   0   0   0   0]
[ 23  29  33  41  56  85 163 252 136  48   7   2   0   0   0   0   0   0
   0   0   0   0   0   0   0]
[  6  20  25  14  32  65 173 273 138  44  13   6   0   0   0   0   0   0
   0   0   0   0   0   0   0]
[  9  34  32  37  30  71 145 197 184  93  16   2   0   1   0   0   0   0
   0   0   0   0   0   0   0]
[ 11  17  21  37  44 102 161 215 240 109  23   4   0   0   0   0   0   0
   0   0   0   0   0   0   0]
[  6   9  11  27  30  74 139 294 418 132  26   2   0   0   0   0   0   0
   0   0   0   0   0   0   0]
[  6   1   3  11  11  61 125 151 144  58  21   6   3   0   0   0   0   0
   0   0   0   0   0   0   0]
[  1   6  10  11  32 101 110 130  95  65  33  10   1   0   0   0   0   0
   0   0   0   0   0   0   0]
[  2   1   1   2  12  44 115 127 151  66  25  16   3   0   0   0   0   0
   0   0   0   0   0   0   0]
[  3   0   3   4   4  31 105 164 151  88  33   9   2   1   0   0   0   0
   0   0   0   0   0   0   0]
[  1   0   2   2  11  36  79 132 107 103  32   8   2   1   0   0   0   0
   0   0   0   0   0   0   0]
[  1   2   0   0   1  14  57 138  89  70  28   7   5   1   0   0   0   0
   0   0   6   0   0   0   0]
[  4   2   1   0   3  11  57 112 107  76  45  14   5   2   0   0   0   0
   0   5   8   0   0   0   0]
[  5   4   2   0   2   6  33 103  90  91  55  19   2   0   0   0   0   0
   0   0   0   0   0   0   0]
[  3   0   2   3   1  15  33  95 101  93  38  20   5   0   0   0   0   0
   0   0   0   0   0   0   0]
[  1   2   3   5   5  10  30  75 102  94  62  29   5   4   0   0   0   0
   0   0   0   0   0   0   0]
[ 3  2  1  3 11 15 41 78 94 76 62 44 17  7  3  0  0  0  0  4  0  0  0  0
  0]
[  1   2   1   0   2   5  39  87 130 120 118  94  48  29  11   3  14   5
   3   1   2   0   0   0   0]
