[107 213 294 249 214 186  78  36  10   3   0   0   0   0   0   0   0   0
   0   0   0   0   0   0   0]
[105 237 457 500 502 347 264 100  29   5   1   1   0   0   0   0   0   0
   0   0   0   0   0   0   0]
[ 26  70 106 127 151 172 145  63  17   3   0   0   0   0   0   0   0   0
   0   0   0   0   0   0   0]
[ 8 18 31 36 43 51 65 35  6  0  1  0  0  0  0  0  0  0  0  0  0  0  0  0
  0]
[19 23 55 50 51 69 88 47 15  5  0  0  0  0  0  0  0  0  0  0  0  0  0  0
  0]
[ 24  65  73 104 115 191 319 207  83  13   2   0   0   0   0   0   0   0
   0   0   0   0   0   0   0]
[ 20  33  43  55  73 198 352 225  97  31   0   0   0   0   0   0   0   0
   0   0   0   0   0   0   0]
[  2   3   6  12  30  72 110  84  20   4   0   1   0   0   0   0   0   0
   0   0   0   0   0   0   0]
[ 1  1  1  2  6 25 43 48 27  5  2  0  0  0  0  0  0  0  0  0  0  0  0  0
  0]
[  4   1   4  11  15  56 140 124  79  21   4   0   0   0   0   0   0   0
   0   0   0   0   0   0   0]
[  7   5   5  24  33 112 339 400 221  85  21   0   0   0   0   0   0   0
   0   0   0   0   0   0   0]
[  0   2   2   5  14  57 175 211 109  49  10   0   0   0   0   0   0   0
   0   0   0   0   0   0   0]
[ 2  1  0  1  2 18 35 57 30 12  5  0  0  0  0  0  0  0  0  0  0  0  0  0
  0]
[ 4  1  1  2  5 22 69 79 48 13 11  4  1  0  0  0  0  0  0  0  0  0  0  0
  0]
[ 12   4   7  10  21  51 186 328 205 106  30   5   0   0   0   0   0   0
   0   0   0   0   0   0   0]
[  3   1   2   8   9  27 117 263 195  77  18   8   2   0   0   0   0   0
   0   0   0   0   0   0   0]
[ 0  1  0  1  5  3 29 62 50 17 16 10  3  1  0  0  0  0  0  0  0  0  0  0
  0]
[  7   4   2   3   3   8  60 170 165  72  34  11   5   0   0   0   0   0
   0   0   0   0   0   0   0]
[ 32  13  22  20  22  35 174 590 665 330 109  25  11   1   0   0   0   0
   0   0   0   0   0   0   0]
[  6   4   1   6   8   6  86 348 525 247  73  18   8   1   2   1   0   0
   0   0   0   0   0   0   0]
