[ 441  945 1564 1702 1452 1093  698  270   56    9    1    0    0    0
    0    0    0    0    0    0    0    0    0    0    0]
[154 313 579 671 633 581 422 122  27   1   2   0   0   0   0   0   0   0
   0   0   0   0   0   0   0]
[ 86 232 312 356 425 503 346 182  42   2   1   0   0   0   0   0   0   0
   0   0   0   0   0   0   0]
[124 292 413 464 612 860 866 412 156  27   2   0   0   0   0   0   0   0
   0   0   0   0   0   0   0]
[ 144  302  447  487  649 1182 1410  770  272   64    3    0    0    0
    0    0    0    0    0    0    0    0    0    0    0]
[ 46 131 196 226 355 693 977 651 222  55   9   0   0   0   0   0   0   0
   0   0   0   0   0   0   0]
[ 13  41  50  77 138 361 514 284 108  36   5   1   0   0   0   0   0   0
   0   0   0   0   0   0   0]
[ 20  23  37  81 145 494 771 536 238  54   7   0   0   0   0   0   0   0
   0   0   0   0   0   0   0]
[  14   20   40   75  234  691 1604 1286  626  169   23    0    0    0
    0    0    0    0    0    0    0    0    0    0    0]
[  11   22   29   41  186  609 1494 1514  760  254   40   10    0    0
    0    0    0    0    0    0    0    0    0    0    0]
[  8   6   5  21  69 304 670 783 388 100  37   2   0   0   0   0   0   0
   0   0   0   0   0   0   0]
[  7   5   6  11  56 233 698 695 352 118  53   7   1   0   0   0   0   0
   0   0   0   0   0   0   0]
[   9    6    5   25   49  213  874 1045  667  265   80   15    0    0
    0    0    0    0    0    0    0    0    0    0    0]
[  11    6    6   20   81  217 1001 1531 1126  505  123   21    4    0
    0    0    0    0    0    0    0    0    0    0    0]
[  8   3   3  16  21 119 506 897 653 252 100  27   1   0   0   0   0   0
   0   0   0   0   0   0   0]
[ 14   9  11  13  23  75 387 711 478 238 108  41   3   0   0   0   0   0
   0   0   0   0   0   0   0]
[  27   23   24   36   26   53  525 1238  928  393  181   72    7    1
    0    0    0    0    0    0    0    0    0    0    0]
[  28   23   31   42   28  101  582 1910 1877  842  291   68   15    1
    0    0    0    0    0    0    0    0    0    0    0]
[  12   11    5   13   31   56  458 1645 1760  922  320  105   25    6
    0    0    0    0    0    0    0    0    0    0    0]
[   7    4   14   32   61   70  512 2135 2626 1374  540  191   59   19
    5    1    2    0    0    0    0    0    0    0    0]
