[ 98 232 375 364 236 200 109  47   7   1   0   0   0   0   0   0   0   0
   0   0   0   0   0   0   0]
[116 277 473 492 400 278 166  84  34   7   0   0   0   0   0   0   0   0
   0   0   0   0   0   0   0]
[ 99 226 431 449 444 413 307 160  66  17   3   0   0   0   0   0   0   0
   0   0   0   0   0   0   0]
[ 79 159 258 348 413 430 374 222 109  33   9   1   0   0   0   0   0   0
   0   0   0   0   0   0   0]
[ 67 105 141 190 256 324 328 251 122  24   7   2   0   0   0   0   0   0
   0   0   0   0   0   0   0]
[ 58  77  94 112 157 227 326 242 148  28  10   1   0   0   0   0   0   0
   0   0   0   0   0   0   0]
[ 20  52  67  83 118 214 304 244 149  53  12   0   0   0   0   0   0   0
   0   0   0   0   0   0   0]
[ 13  21  33  44  90 169 259 263 167  69  11   3   0   0   0   0   0   0
   0   1   0   0   0   0   0]
[  9  15  21  26  56 164 271 304 217  68  26   2   0   0   0   0   0   0
   0   3   0   0   0   0   0]
[  4   4  14  18  39 162 264 353 269 111  29  12   3   0   0   0   0   0
   0   1   0   0   0   0   0]
[  4   5   5  15  50 130 271 420 293 164  54  20   4   2   0   0   0   0
   0   0   0   0   0   0   0]
[  3   2   4   8  30 135 268 455 361 194  74  18   1   0   1   0   0   0
   0   1   4   0   0   0   0]
[  3   4   5   6  37 103 339 546 420 246 113  28   9   0   1   0   0   0
   0   1   3   0   0   0   0]
[  3   2   2   4  18  92 298 629 510 327 135  31  17   0   1   0   0   0
   0   2   7   0   0   0   0]
[  4   1   2   4  13  69 272 629 635 464 198  64  16   4   0   0   0   0
   0   2   6   0   0   0   0]
[  2   3   3   2  12  51 260 688 698 503 246  83  27   5   3   0   0   0
   0   4   5   0   0   0   0]
[  1   2   2   4  11  42 259 640 784 579 310 117  26  11   2   0   0   0
   0   1  14   0   0   0   0]
[  2   1   3   5   5  35 236 728 882 638 387 173  51   3   0   0   0   0
   0   5   9   0   0   0   0]
[   1    1    1    2    6   38  239  823 1048  831  522  262   86   15
    8    5    0    0    0    8   43    0    0    0    0]
[   1    2    2    1    8   26  249  996 1440 1244  899  488  176   41
   17    7    4    0    1    9   48    0    0    0    0]
