[ 93 136 182 200 176 221 380 427 107  32   3   0   0   1   1   0   0   0
   0   0   0   0   0   0   0]
[ 57  90 118 137 156 202 330 366 122  26   4   1   0   0   0   0   0   0
   0   0   0   0   0   0   0]
[ 20  70  89 118 141 197 311 335  89  35   4   0   1   1   0   1   0   0
   0   0   0   0   0   0   0]
[ 12  35  67  93 128 157 269 335 104  24   5   0   0   1   0   0   0   0
   0   0   0   0   0   0   0]
[ 11  23  34  58  79 137 217 313 124  31  14   3   0   4   3   0   0   0
   0   0   0   0   0   0   0]
[  8  11  15  26  76 111 187 288 135  32   4   0   1   1   4   1   0   0
   0   0   0   0   0   0   0]
[  2   4   0  22  54  84 238 322 154  38   6   0   0   2   0   2   0   0
   0   0   0   0   0   0   0]
[  3   2   4  11  45  74 153 247 114  54   7   3   1   1   1   0   0   0
   0   0   0   0   0   0   0]
[  9   4   0  14  52  64 133 207 103  53  17   2   0   1   2   0   0   0
   0   0   0   0   0   0   0]
[  4   1   1  10  26  54  94 132  78  28   8   1   0   1   0   0   0   0
   0   0   0   0   0   0   0]
[  1   0   1   3  17  41  92 119  63  21  11   2   0   0   0   0   0   0
   0   0   0   0   0   0   0]
[  1   0   0   5  11  40  74 122  78  26  12   1   1   0   0   0   0   0
   0   0   0   0   0   0   0]
[ 0  0  0  1  4 11 55 99 70 36 13  1  0  0  0  0  0  0  0  0  0  0  0  0
  0]
[ 0  1  0  1  4  6 21 36 46 25 14  2  1  0  0  0  0  0  0  0  0  0  0  0
  0]
[ 0  0  0  1  0  2 10 37 31 26  9  2  0  0  0  0  0  0  0  0  0  0  0  0
  0]
[ 0  0  0  0  0  2  6 25 32 22  7  4  2  0  0  0  0  0  0  0  0  0  0  0
  0]
[ 0  0  0  0  0  0  7 27 30  6  1  4  0  2  0  0  0  0  0  0  0  0  0  0
  0]
[ 0  0  0  0  0  2  2  8 10 10  1  1  0  0  0  0  0  0  0  0  0  0  0  0
  0]
[ 0  0  0  0  0  0  1  3 14 11  2  0  0  0  0  0  0  0  0  0  0  0  0  0
  0]
[0 0 0 0 0 0 0 2 6 7 0 0 0 0 0 0 0 0 0 0 0 0 0 0 0]
