[139 310 490 518 394 308 184  54   9   0   0   0   0   0   0   0   0   0
   0   0   0   0   0   0   0]
[ 70 189 328 377 350 303 208  69  15   1   0   0   0   0   0   0   0   0
   0   0   0   0   0   0   0]
[ 31  49  70  95 108 116  98  43   7   0   0   0   0   0   0   0   0   0
   0   0   0   0   0   0   0]
[ 25  74 107 119 147 175 142  67  12   4   0   0   0   0   0   0   0   0
   0   0   0   0   0   0   0]
[ 28  78 112 124 158 259 309 106  40   6   0   0   0   0   0   0   0   0
   0   0   0   0   0   0   0]
[ 17  43  97  87 130 291 403 211  59   6   3   1   0   0   0   0   0   0
   0   0   0   0   0   0   0]
[  6  10  30  31  71 119 247 154  44   9   0   0   0   0   0   0   0   0
   0   0   0   0   0   0   0]
[  4   6  11  17  43  89 122  68  26   6   0   0   0   0   0   0   0   0
   0   0   0   0   0   0   0]
[  1   2   7  18  42 161 269 184  54  15   3   1   0   0   0   0   0   0
   0   0   0   0   0   0   0]
[  6   3   6  14  56 129 326 296 107  41   3   0   0   0   0   0   0   0
   0   0   0   0   0   0   0]
[  2   4   7  11  42 123 306 349 155  49   4   1   0   0   0   0   0   0
   0   0   0   0   0   0   0]
[  1   0   2   4   8  52 127 161  90  24   9   0   0   0   0   0   0   0
   0   0   0   0   0   0   0]
[  0   1   0   5  14  66 210 214 100  49  22   3   0   0   0   0   0   0
   0   0   0   0   0   0   0]
[  2   2   0   4  10  42 203 276 131  65  15   1   0   0   0   0   0   0
   0   0   0   0   0   0   0]
[  6   3   8  11   7  51 210 354 251  80  52   7   1   0   0   0   0   0
   0   0   0   0   0   0   0]
[  1   1   0   5   2  23 120 254 156  67  43  20   0   0   0   0   0   0
   0   0   0   0   0   0   0]
[  6   2   0   7  10  30 147 303 199  83  53  25   4   1   0   0   0   0
   0   0   0   0   0   0   0]
[  8   5   7   9   6  10 207 591 475 165  63  43  12   0   0   0   0   0
   0   0   0   0   0   0   0]
[ 10   3  12  11  17  23 213 796 817 375 116  42  17   3   0   0   0   0
   0   0   0   0   0   0   0]
[  1   2   3   4   8  12 152 545 684 355 136  43  21   5   5   3   0   0
   0   0   0   0   0   0   0]
