[19 45 53 42 36 21  8  2  1  0  0  0  0  0  0  0  0  0  0  0  0  0  0  0
  0]
[23 50 64 52 51 35 16 10  3  1  0  0  0  0  0  0  0  0  0  0  0  0  0  0
  0]
[14 48 58 74 59 50 26 11  1  1  0  0  0  0  0  0  0  0  0  0  0  0  0  0
  0]
[13 24 35 30 43 52 33 22  1  1  0  0  0  0  0  0  0  0  0  0  0  0  0  0
  0]
[ 4 24 24 25 29 58 53 24  4  0  0  0  0  0  0  0  0  0  0  0  0  0  0  0
  0]
[ 6 17 23 36 24 44 50 38  9  0  0  0  0  0  0  0  0  0  0  0  0  0  0  0
  0]
[ 5 16 20 21 31 53 53 30 16  6  0  0  0  0  0  0  0  0  0  0  0  0  0  0
  0]
[ 1  5  7 11 17 35 51 36  8  3  2  1  0  0  0  0  0  0  0  0  0  0  0  0
  0]
[ 1  4  5  3  6 19 55 35 13  7  1  1  0  0  0  0  0  0  0  0  0  0  0  0
  0]
[ 1  0  2  4 14 23 72 47 25  8  2  0  0  0  0  0  0  0  0  0  0  0  0  0
  0]
[ 2  0  0  1 13 22 52 61 37 12  4  0  0  0  0  0  0  0  0  0  0  0  0  0
  0]
[ 0  0  0  1  6 12 54 40 30 12  5  0  0  0  0  0  0  0  0  0  0  0  0  0
  0]
[ 0  0  1  0  3 13 60 52 37 25  5  4  1  0  0  0  0  0  0  0  0  0  0  0
  0]
[ 1  0  1  1  6 10 58 81 41 21 10  1  0  0  0  0  0  0  0  0  0  0  0  0
  0]
[ 0  1  1  0  2 14 52 72 76 27 12  6  0  1  0  0  0  0  0  0  0  0  0  0
  0]
[  0   0   0   0   2  11  45 106  84  37  23  11   1   0   0   0   0   0
   0   0   0   0   0   0   0]
[  1   1   0   3   3   3  53 126  91  44  37  23   5   0   0   0   0   0
   0   0   0   0   0   0   0]
[  2   0   0   0   2   6  54 150 132  76  56  37   7   0   0   0   0   0
   0   0   0   0   0   0   0]
[  0   0   0   1   0   6  48 190 174 114  60  30   9   0   0   0   0   0
   0   0   0   0   0   0   0]
[  1   0   0   0   1   2  52 163 256 142  84  50  35  19   7   1   0   0
   0   1   1   0   0   0   0]
