[33 68 69 78 45 24 19  2  2  0  0  0  0  0  0  0  0  0  0  0  0  0  0  0
  0]
[ 26  70 114  84  69  54  32  11   3   0   0   0   0   0   0   0   0   0
   0   0   0   0   0   0   0]
[10 43 75 72 85 76 44 24  5  1  0  0  0  0  0  0  0  0  0  0  0  0  0  0
  0]
[14 28 47 45 57 62 51 23  9  3  0  0  0  0  0  0  0  0  0  0  0  0  0  0
  0]
[14 33 39 42 72 73 76 34 17  3  0  0  0  0  0  0  0  0  0  0  0  0  0  0
  0]
[ 7 22 29 20 35 54 63 37 17  5  2  0  0  0  0  0  0  0  0  0  0  0  0  0
  0]
[ 9  8 12  9 33 55 56 37 19  4  2  0  0  0  0  0  0  0  0  0  0  0  0  0
  0]
[ 2  3  9  7 21 45 48 56 18  3  0  0  0  0  0  0  0  0  0  0  0  0  0  0
  0]
[ 1  3  3  3  8 23 50 41 15  4  2  1  0  0  0  0  0  0  0  0  0  0  0  0
  0]
[ 0  1  2  1 16 46 58 61 30 16  1  1  0  0  0  0  0  0  0  0  0  0  0  0
  0]
[ 0  1  0  6 16 46 62 79 42 21  2  1  1  0  0  0  0  0  0  0  0  0  0  0
  0]
[ 3  1  1  1 11 32 70 86 71 24  5  0  0  0  0  0  0  0  0  0  0  0  0  0
  0]
[ 1  0  0  0  5 32 52 81 53 25  7  6  1  0  0  0  0  0  0  0  0  0  0  0
  0]
[  1   0   1   2   4  23  69 106  68  38  16   4   2   0   0   0   0   0
   0   0   0   0   0   0   0]
[  1   0   0   1   7  20  84 125 111  62  30  12   1   0   0   0   0   0
   0   1   4   0   0   0   0]
[  0   0   2   3   3  20  64 169 115  84  60   7   3   0   0   0   0   0
   0   1   2   0   0   0   0]
[  0   1   4   0   4   5  51 139 143  93  70  25   8   1   0   0   0   0
   0   5   0   0   0   0   0]
[  0   2   0   3   3   9  60 147 203 153 102  51  16   4   1   0   1   0
   3   4   9   0   0   0   0]
[  2   0   2   1   3  19  73 239 310 217 124  65  16   4   0   1   0   0
   0  16  11   0   0   0   0]
[  2   2   0   3   1  10  67 253 333 262 157  94  41  12   2   3   0   0
   0  28  42   0   0   0   0]
