[ 309  658 1017 1161 1005  714  438  197   48    6    1    0    0    0
    0    0    0    0    0    0    0    0    0    0    0]
[ 65 154 268 295 291 258 227  73  18   1   2   0   0   0   0   0   0   0
   0   0   0   0   0   0   0]
[ 46 134 168 187 201 244 208 109  29   2   1   0   0   0   0   0   0   0
   0   0   0   0   0   0   0]
[ 84 188 280 302 410 608 585 293 125  18   0   0   0   0   0   0   0   0
   0   0   0   0   0   0   0]
[ 106  210  324  344  460  879 1014  553  195   45    3    0    0    0
    0    0    0    0    0    0    0    0    0    0    0]
[ 27  80 121 124 208 407 582 410 137  39   7   0   0   0   0   0   0   0
   0   0   0   0   0   0   0]
[  7  16  20  24  56 149 254 135  55  16   1   0   0   0   0   0   0   0
   0   0   0   0   0   0   0]
[ 10   7  19  38  72 287 506 342 141  37   4   0   0   0   0   0   0   0
   0   0   0   0   0   0   0]
[  11   14   27   47  163  507 1257  955  436  123   18    0    0    0
    0    0    0    0    0    0    0    0    0    0    0]
[   4   15   18   22  119  399 1036 1047  534  168   25    7    0    0
    0    0    0    0    0    0    0    0    0    0    0]
[  4   2   4  10  20 121 280 365 200  53  18   0   0   0   0   0   0   0
   0   0   0   0   0   0   0]
[  4   2   1   5  22 116 391 429 195  68  28   2   1   0   0   0   0   0
   0   0   0   0   0   0   0]
[  5   3   3  17  31 137 626 779 485 198  56   9   0   0   0   0   0   0
   0   0   0   0   0   0   0]
[   5    3    4   13   42  135  684 1108  812  359   77   16    4    0
    0    0    0    0    0    0    0    0    0    0    0]
[  3   2   1   5  10  50 255 497 346 139  56  12   1   0   0   0   0   0
   0   0   0   0   0   0   0]
[  9   6   7  11  12  42 235 407 281 132  76  25   3   0   0   0   0   0
   0   0   0   0   0   0   0]
[ 17  16  12  18  13  24 369 911 682 275 136  58   5   0   0   0   0   0
   0   0   0   0   0   0   0]
[  13   12   17   15   16   55  362 1265 1227  547  195   33   12    0
    0    0    0    0    0    0    0    0    0    0    0]
[   3    5    1    3   13   25  240  930 1061  491  169   66   14    4
    0    0    0    0    0    0    0    0    0    0    0]
[   5    2    8   18   33   28  303 1424 1777  907  347  127   38   11
    2    1    0    0    0    0    0    0    0    0    0]
