[13 16 13 12 13 12  2  2  2  0  0  0  0  0  0  0  0  0  0  0  0  0  0  0
  0]
[ 6 11 24 19 21 17  8  2  1  0  0  0  0  0  0  0  0  0  0  0  0  0  0  0
  0]
[ 6  9 13 13 10 10  4  3  0  0  0  0  0  0  0  0  0  0  0  0  0  0  0  0
  0]
[ 6 18 21 30 22 23 24 11  3  1  0  0  0  0  0  0  0  0  0  0  0  0  0  0
  0]
[ 1  6 18 15 14 21 18 17  9  0  1  0  0  0  0  0  0  0  0  0  0  0  0  0
  0]
[ 5  7 13 14 11  8 10 14  4  5  1  0  0  0  0  0  0  0  0  0  0  0  0  0
  0]
[ 8  3 10 17 14 17 16 25  6  3  0  0  1  0  0  0  0  0  0  0  0  0  0  0
  0]
[ 2  3  8  4  9 23 19 28 20 15  2  1  0  0  0  0  0  0  0  0  0  0  0  0
  0]
[ 1  2  3  8  7 16 28 21 15 11  4  0  0  0  0  0  0  0  0  0  0  0  0  0
  0]
[ 0  2  1  1  4  4 12 14 14  4  1  0  0  0  0  0  0  0  0  0  0  0  0  0
  0]
[ 0  0  1  1  1  4  7 21 12  3  0  0  0  0  0  0  0  0  0  0  0  0  0  0
  0]
[ 0  0  1  0  1  6 18 19 17 12  9  1  0  0  0  0  0  0  0  0  0  0  0  0
  0]
[ 1  0  2  0  0  6 15 29 16 15  4  2  0  0  0  0  0  0  0  0  0  0  0  0
  0]
[ 0  0  0  0  2  3 12 18 17 12  7  0  0  0  0  0  0  0  0  0  0  0  0  0
  0]
[ 0  0  0  0  0  5  6 22 12  9  4  1  0  0  0  0  0  0  0  0  0  0  0  0
  0]
[ 2  0  0  1  0  0 16 20 21 14 12  4  0  0  0  0  0  0  0  0  0  0  0  0
  0]
[ 0  0  0  1  1  5 13 37 41 19 15  1  2  0  0  0  0  0  0  0  0  0  0  0
  0]
[ 0  0  0  0  2  2 10 28 34 27 14  8  4  0  0  0  0  0  0  0  0  0  0  0
  0]
[ 0  0  0  0  0  1 14 31 46 30 14  8  2  0  0  0  0  0  0  0  0  0  0  0
  0]
[ 0  0  0  0  0  1 19 56 90 60 32 10  5  3  1  1  0  0  0  0  0  0  0  0
  0]
