[ 43  56  58  76 103 130  77  52   8   1   0   0   0   0   0   0   0   0
   0   0   0   0   0   0   0]
[ 64  71  61  73  60 118 112 112  36   2   0   0   0   0   0   0   0   0
   0   0   0   0   0   0   0]
[ 29  38  53  45  65  85 165 190  96  36   5   0   0   0   0   0   0   0
   0   0   0   0   0   0   0]
[ 19  18  24  37  44  76 160 251 136  48   7   2   0   0   0   0   0   0
   0   0   0   0   0   0   0]
[  5  16  18  10  25  59 169 270 135  44  13   6   0   0   0   0   0   0
   0   0   0   0   0   0   0]
[  8  34  31  32  30  68 133 195 182  93  16   2   0   1   0   0   0   0
   0   0   0   0   0   0   0]
[ 11  14  19  31  40  93 160 211 240 109  23   4   0   0   0   0   0   0
   0   0   0   0   0   0   0]
[  5   9  11  25  29  72 132 287 418 132  26   2   0   0   0   0   0   0
   0   0   0   0   0   0   0]
[  6   1   3  11   6  55 117 148 140  58  21   5   3   0   0   0   0   0
   0   0   0   0   0   0   0]
[  1   6   8  11  31  96 101 114  92  63  33  10   1   0   0   0   0   0
   0   0   0   0   0   0   0]
[  2   1   1   2  10  39 108 120 145  66  25  16   3   0   0   0   0   0
   0   0   0   0   0   0   0]
[  3   0   3   4   4  27  94 149 125  58  22   9   2   1   0   0   0   0
   0   0   0   0   0   0   0]
[  1   0   2   2  11  31  65 114  88  70  29   6   2   1   0   0   0   0
   0   0   0   0   0   0   0]
[  1   2   0   0   0  10  48 119  72  47  24   4   3   1   0   0   0   0
   0   0   6   0   0   0   0]
[ 4  2  1  0  3 10 51 97 90 54 30  5  1  2  0  0  0  0  0  5  8  0  0  0
  0]
[ 5  3  2  0  2  5 26 81 69 48 23 11  2  0  0  0  0  0  0  0  0  0  0  0
  0]
[ 3  0  2  3  1 12 26 75 68 53 16  6  4  0  0  0  0  0  0  0  0  0  0  0
  0]
[ 1  2  3  5  5  9 25 49 51 43 23 12  2  2  0  0  0  0  0  0  0  0  0  0
  0]
[ 3  2  1  2 11 15 33 68 60 38 14  8  1  1  1  0  0  0  0  0  0  0  0  0
  0]
[ 1  2  1  0  1  4 34 65 72 44 24 10  4  0  0  0  0  0  0  0  0  0  0  0
  0]
