[ 44  84 146 133 101  89  92  61  18   4   0   0   0   0   0   0   0   0
   0   0   0   0   0   0   0]
[ 36  95 152 148 126 113 153  96  24   8   1   0   0   0   0   0   0   0
   0   0   0   0   0   0   0]
[ 22  42  46  67  69 101 122 113  42  16   1   0   0   0   0   0   0   0
   0   0   0   0   0   0   0]
[ 33  35  51  52  68 112 143 159  45  20   3   0   1   0   0   0   0   0
   0   0   0   0   0   0   0]
[ 22  35  50  50  71 117 174 202  74  35   4   1   0   1   1   0   0   0
   0   0   0   0   0   0   0]
[ 22  22  42  34  45  91 207 275 140  38   7   3   0   1   0   0   0   0
   0   0   0   0   0   0   0]
[ 11  19  14  24  32  68 187 275 179  51  10   4   1   0   0   0   0   0
   0   0   0   0   0   0   0]
[  4   3   9   9  22  68 152 239 145  51  11   2   0   1   0   0   0   0
   0   0   0   0   0   0   0]
[  2   3   8   3  20  55 169 262 122  66  24   4   4   0   1   0   0   0
   0   0   0   0   0   0   0]
[  2   1   1   5  18  59 137 213 140  55  25   5   3   0   0   0   0   0
   0   0   0   0   0   0   0]
[  2   1   1   0   9  43 116 176 116  84  23   9   5   0   0   0   0   0
   0   0   0   0   0   0   0]
[  4   2   2   4  10  40  93 155 132 117  28  13   4   0   0   0   0   0
   0   0   0   0   0   0   0]
[  1   3   1   4   8  34  88 143 167 109  34  13   4   1   0   0   0   0
   0   0   0   0   0   0   0]
[  3   3   1   2   5  13  76 131 132 119  54  14   5   0   0   0   0   0
   0   0   0   0   0   0   0]
[  1   1   1   1   4  11  64 130 152 109  57  18   9   0   0   0   0   0
   0   0   0   0   0   0   0]
[  0   2   0   1   2   8  39 106 116  87  46  19   6   0   0   0   0   0
   0   0   0   0   0   0   0]
[ 2  0  1  1  1  6 39 85 95 92 45 38  7  2  0  0  0  0  0  0  0  0  0  0
  0]
[ 0  0  0  1  2  0 21 70 87 74 40 30 19  1  0  1  0  0  0  0  0  0  0  0
  0]
[  0   0   0   0   0   4  15  72  88 103  63  30  14   4   0   1   0   0
   0   0   0   0   0   0   0]
[ 0  0  0  0  0  4 17 47 78 73 71 46 18  4  1  1  0  0  0  0  0  0  0  0
  0]
