[ 43  60  59  79 105 130  78  52   8   1   0   0   0   0   0   0   0   0
   0   0   0   0   0   0   0]
[ 64  76  65  79  64 119 112 112  36   2   0   0   0   0   0   0   0   0
   0   0   0   0   0   0   0]
[ 30  40  56  46  68  88 166 191  96  36   5   0   0   0   0   0   0   0
   0   0   0   0   0   0   0]
[ 20  20  28  39  50  83 162 251 136  48   7   2   0   0   0   0   0   0
   0   0   0   0   0   0   0]
[  5  17  19  12  28  63 172 271 138  44  13   6   0   0   0   0   0   0
   0   0   0   0   0   0   0]
[  8  34  31  34  30  70 142 195 183  93  16   2   0   1   0   0   0   0
   0   0   0   0   0   0   0]
[ 11  16  20  32  41  97 160 213 240 109  23   4   0   0   0   0   0   0
   0   0   0   0   0   0   0]
[  5   9  11  25  29  72 136 290 418 132  26   2   0   0   0   0   0   0
   0   0   0   0   0   0   0]
[  6   1   3  11   8  60 123 148 142  58  21   5   3   0   0   0   0   0
   0   0   0   0   0   0   0]
[  1   6   8  11  31 100 106 128  94  65  33  10   1   0   0   0   0   0
   0   0   0   0   0   0   0]
[  2   1   1   2  12  43 113 123 148  66  25  16   3   0   0   0   0   0
   0   0   0   0   0   0   0]
[  3   0   3   4   4  28 103 162 148  86  31   9   2   1   0   0   0   0
   0   0   0   0   0   0   0]
[  1   0   2   2  11  34  75 127 105 100  32   8   2   1   0   0   0   0
   0   0   0   0   0   0   0]
[  1   2   0   0   1  11  55 133  83  68  28   7   5   1   0   0   0   0
   0   0   6   0   0   0   0]
[  4   2   1   0   3  11  56 109 105  75  44  14   5   2   0   0   0   0
   0   5   8   0   0   0   0]
[ 5  4  2  0  2  6 31 95 86 88 54 19  2  0  0  0  0  0  0  0  0  0  0  0
  0]
[ 3  0  2  3  1 14 32 87 98 91 37 18  5  0  0  0  0  0  0  0  0  0  0  0
  0]
[ 1  2  3  5  5 10 28 61 91 89 61 26  5  4  0  0  0  0  0  0  0  0  0  0
  0]
[ 3  2  1  3 11 15 35 74 90 73 55 40 16  7  3  0  0  0  0  4  0  0  0  0
  0]
[  1   2   1   0   2   4  37  80 110 101  95  78  34  12   6   3   7   2
   1   1   1   0   0   0   0]
