[ 57 122 152 142 105  64  35   8   9   2   0   0   0   0   0   0   0   0
   0   0   0   0   0   0   0]
[ 44 117 186 171 140  97  64  24  10   0   0   0   0   0   0   0   0   0
   0   0   0   0   0   0   0]
[ 35  88 136 144 173 177  94  46   9   3   0   0   0   0   0   0   0   0
   0   0   0   0   0   0   0]
[ 32  59 116 134 157 172 139  71  24  10   3   0   0   0   0   0   0   0
   0   0   0   0   0   0   0]
[ 29  62  95  90 130 139 142  89  41  10   1   0   1   0   0   0   0   0
   0   0   0   0   0   0   0]
[ 16  43  56  48  62 106 124  78  35   6   2   0   0   0   0   0   0   0
   0   0   0   0   0   0   0]
[ 18  17  38  35  57  91 100  79  42  15   3   0   0   0   0   0   0   0
   0   0   0   0   0   0   0]
[  7  13  24  27  43  81 114 106  57   9   4   1   0   0   0   0   0   0
   0   0   0   0   0   0   0]
[  3   5  10  10  31  81 114  97  69  18   9   1   0   0   0   0   0   0
   0   0   0   0   0   0   0]
[  2   3   7   5  25  69 108 111  57  31   5   1   0   0   0   0   0   0
   0   0   0   0   0   0   0]
[  0   1   1   6  26  67 107 135  71  37   3   1   1   1   0   0   0   0
   0   0   0   0   0   0   0]
[  5   2   1   4  20  51 120 169 111  41  10   0   0   0   0   0   0   0
   0   0   0   0   0   0   0]
[  2   0   0   0  18  54 123 156 109  61  13   7   2   0   0   0   0   0
   0   0   0   0   0   0   0]
[  1   0   1   2  10  43 124 170 113  75  30   8   2   1   0   0   0   0
   0   0   0   0   0   0   0]
[  1   0   0   1  14  30 134 212 169 104  55  20   2   0   0   0   0   0
   0   1   4   0   0   0   0]
[  0   0   2   4   6  42 137 291 219 143  97  22   6   1   0   0   0   0
   0   1   2   0   0   0   0]
[  0   1   4   1   5  20 105 269 238 164 109  48  14   1   0   0   0   0
   0   5   0   0   0   0   0]
[  1   3   1   3   4  14 106 259 326 227 151  68  26   6   1   0   1   0
   3   4   9   0   0   0   0]
[  2   0   3   3   5  24 123 367 508 364 194  95  23   4   0   1   0   0
   0  16  11   0   0   0   0]
[  3   2   0   3   6  13 129 462 661 476 311 159  74  31   8   5   1   0
   1  31  42   0   0   0   0]
