[ 84 178 234 197 175 155  69  29   8   2   0   0   0   0   0   0   0   0
   0   0   0   0   0   0   0]
[ 91 208 393 424 432 310 229  78  22   3   1   1   0   0   0   0   0   0
   0   0   0   0   0   0   0]
[ 24  69  99 125 148 167 145  60  17   3   0   0   0   0   0   0   0   0
   0   0   0   0   0   0   0]
[ 8 18 30 36 40 49 64 35  6  0  1  0  0  0  0  0  0  0  0  0  0  0  0  0
  0]
[18 19 47 42 43 58 72 40 12  5  0  0  0  0  0  0  0  0  0  0  0  0  0  0
  0]
[ 20  56  65  80  93 154 249 173  69  11   1   0   0   0   0   0   0   0
   0   0   0   0   0   0   0]
[ 20  30  39  50  66 184 320 203  80  30   0   0   0   0   0   0   0   0
   0   0   0   0   0   0   0]
[  2   3   6  12  29  72 106  84  20   3   0   1   0   0   0   0   0   0
   0   0   0   0   0   0   0]
[ 1  1  1  2  6 24 42 47 27  5  2  0  0  0  0  0  0  0  0  0  0  0  0  0
  0]
[  2   1   4  11  11  46 101  88  55  20   4   0   0   0   0   0   0   0
   0   0   0   0   0   0   0]
[  7   5   5  23  29  94 289 325 190  63  16   0   0   0   0   0   0   0
   0   0   0   0   0   0   0]
[  0   2   2   5  14  54 166 202 104  42  10   0   0   0   0   0   0   0
   0   0   0   0   0   0   0]
[ 2  1  0  0  2 18 34 57 28 11  3  0  0  0  0  0  0  0  0  0  0  0  0  0
  0]
[ 4  1  1  2  4 20 59 67 39 11 11  4  1  0  0  0  0  0  0  0  0  0  0  0
  0]
[ 12   4   7  10  21  43 149 276 172  88  26   5   0   0   0   0   0   0
   0   0   0   0   0   0   0]
[  3   1   2   8   9  25 113 241 179  70  14   8   2   0   0   0   0   0
   0   0   0   0   0   0   0]
[ 0  1  0  1  5  3 27 57 47 17 14  9  3  1  0  0  0  0  0  0  0  0  0  0
  0]
[  7   2   2   3   3   7  48 130 134  62  31  10   4   0   0   0   0   0
   0   0   0   0   0   0   0]
[ 31  11  22  20  22  32 147 456 492 263  88  22  10   0   0   0   0   0
   0   0   0   0   0   0   0]
[  6   4   1   6   8   6  82 323 476 232  68  17   6   1   2   1   0   0
   0   0   0   0   0   0   0]
