[180 345 551 527 350 279 159  57  14   4   0   0   0   0   0   0   0   0
   0   0   0   0   0   0   0]
[192 411 664 704 560 398 252 125  42   9   1   0   0   0   0   0   0   0
   0   0   0   0   0   0   0]
[195 391 643 719 706 610 452 238  90  25   5   0   0   0   0   0   0   0
   0   0   0   0   0   0   0]
[149 294 474 579 670 662 577 329 155  45  10   1   0   0   0   0   0   0
   0   0   0   0   0   0   0]
[133 233 320 376 452 558 562 390 190  33   8   2   0   0   0   0   0   0
   0   0   0   0   0   0   0]
[111 156 185 230 311 411 513 371 236  53  11   1   0   0   0   0   0   0
   0   0   0   0   0   0   0]
[ 45 103 118 148 218 346 476 429 246  95  25   0   0   0   0   0   0   0
   0   0   0   0   0   0   0]
[ 31  64  80 122 180 292 440 441 293 147  25   3   0   0   0   0   0   0
   0   1   0   0   0   0   0]
[ 27  36  55  74 137 269 424 463 320 116  48   4   0   0   0   0   0   0
   0   3   0   0   0   0   0]
[  9  17  27  40  85 213 387 459 388 167  43  15   3   0   0   0   0   0
   0   1   0   0   0   0   0]
[  7   9  11  18  68 181 374 527 392 223  75  25   4   3   0   0   0   0
   0   0   0   0   0   0   0]
[  3   6   6  12  41 174 377 583 486 267 116  25   2   0   1   0   0   0
   0   1   4   0   0   0   0]
[  3   5   7  10  44 142 436 688 530 313 148  44  10   0   1   0   0   0
   0   1   3   0   0   0   0]
[  4   4   2   6  29 126 415 805 644 411 169  38  17   0   1   0   0   0
   0   2   7   0   0   0   0]
[  6   2   2   6  17  88 349 775 754 549 250  77  20   4   0   0   0   0
   0   2   6   0   0   0   0]
[  5   3   5   3  16  74 350 845 826 606 312 112  29   5   3   0   0   0
   0   4   5   0   0   0   0]
[  1   6   2   6  16  60 357 862 985 697 388 141  26  11   2   0   0   0
   0   1  14   0   0   0   0]
[   2    1    5    6    8   46  340 1013 1138  811  479  209   56    5
    1    0    0    0    0    5   10    0    0    0    0]
[   1    3    2    5    9   52  343 1141 1383 1069  667  323  102   17
    9    6    0    0    0    8   47    0    0    0    0]
[   1    2    4    1   13   47  366 1418 2019 1717 1176  618  222   64
   23    9    5    0    1    9   64    0    0    0    0]
