[ 55 106 175 148 109  99  95  62  18   4   0   0   0   0   0   0   0   0
   0   0   0   0   0   0   0]
[ 40 106 166 167 152 127 161  98  24   8   1   0   0   0   0   0   0   0
   0   0   0   0   0   0   0]
[ 26  47  67  86  94 129 134 119  42  16   1   0   0   0   0   0   0   0
   0   0   0   0   0   0   0]
[ 45  58  91  85 113 162 170 174  46  20   3   0   1   0   0   0   0   0
   0   0   0   0   0   0   0]
[ 39  56  91  97 116 168 216 219  79  35   5   1   0   1   1   0   0   0
   0   0   0   0   0   0   0]
[ 27  28  46  42  59 108 229 285 148  39   7   3   0   1   0   0   0   0
   0   0   0   0   0   0   0]
[ 12  20  16  28  35  82 205 285 184  53  10   4   1   0   0   0   0   0
   0   0   0   0   0   0   0]
[  6   9  20  19  33  90 193 265 164  60  13   2   0   1   0   0   0   0
   0   0   0   0   0   0   0]
[  6   6  11  10  36  77 197 298 142  75  27   4   4   0   1   0   0   0
   0   0   0   0   0   0   0]
[  2   1   1   5  20  67 174 244 150  58  26   5   3   0   0   0   0   0
   0   0   0   0   0   0   0]
[  2   2   2   2  11  53 150 205 135  88  25   9   5   0   0   0   0   0
   0   0   0   0   0   0   0]
[  4   2   2   4  14  52 114 186 151 129  32  13   4   0   0   0   0   0
   0   0   0   0   0   0   0]
[  1   3   1   5   9  43 122 191 212 128  38  17   5   1   0   0   0   0
   0   0   0   0   0   0   0]
[  3   3   1   2   6  21 123 203 182 155  72  20   5   0   0   0   0   0
   0   0   0   0   0   0   0]
[  1   1   1   2   4  17  95 198 215 179  69  21  10   0   0   0   0   0
   0   0   0   0   0   0   0]
[  0   2   1   1   2  10  71 181 182 145  79  28   7   0   0   0   0   0
   0   0   0   0   0   0   0]
[  2   0   1   2   2  12  66 170 212 190  92  50   8   3   0   0   0   0
   0   0   0   0   0   0   0]
[  0   0   0   1   3   0  40 145 184 165 100  42  20   2   1   1   0   0
   0   1   2   0   0   0   0]
[  0   0   0   0   2   4  33 137 210 252 172  78  33   7   0   1   1   0
   0   1   4   0   0   0   0]
[  0   0   0   0   0   7  45 156 249 271 258 168  61  21   7   2   1   0
   0   2   2   0   0   0   0]
