[ 415  893 1459 1587 1355 1022  652  259   56    9    1    0    0    0
    0    0    0    0    0    0    0    0    0    0    0]
[136 280 517 609 569 521 389 112  26   1   2   0   0   0   0   0   0   0
   0   0   0   0   0   0   0]
[ 75 212 264 302 330 425 302 162  38   2   1   0   0   0   0   0   0   0
   0   0   0   0   0   0   0]
[110 270 377 429 556 792 788 388 149  23   0   0   0   0   0   0   0   0
   0   0   0   0   0   0   0]
[ 136  277  409  450  576 1081 1273  722  257   61    3    0    0    0
    0    0    0    0    0    0    0    0    0    0    0]
[ 46 115 181 209 324 641 922 609 212  54   9   0   0   0   0   0   0   0
   0   0   0   0   0   0   0]
[ 11  35  40  54 113 288 440 243  99  32   3   1   0   0   0   0   0   0
   0   0   0   0   0   0   0]
[ 17  15  28  66 118 421 686 494 220  49   6   0   0   0   0   0   0   0
   0   0   0   0   0   0   0]
[  12   19   39   70  211  631 1501 1189  579  155   23    0    0    0
    0    0    0    0    0    0    0    0    0    0    0]
[   8   22   23   38  166  537 1412 1397  718  240   35   10    0    0
    0    0    0    0    0    0    0    0    0    0    0]
[  8   6   5  20  58 239 580 694 346  92  31   2   0   0   0   0   0   0
   0   0   0   0   0   0   0]
[  6   4   4  10  41 191 613 622 319 108  49   6   1   0   0   0   0   0
   0   0   0   0   0   0   0]
[  8   4   4  20  41 180 769 941 620 250  75  12   0   0   0   0   0   0
   0   0   0   0   0   0   0]
[   9    4    5   18   67  189  901 1417 1045  478  110   18    4    0
    0    0    0    0    0    0    0    0    0    0    0]
[  6   2   3  14  19  97 430 795 585 233  89  21   1   0   0   0   0   0
   0   0   0   0   0   0   0]
[ 13   9   9  13  17  59 337 625 434 211 102  39   3   0   0   0   0   0
   0   0   0   0   0   0   0]
[  21   19   19   26   19   40  477 1122  840  357  174   69    7    0
    0    0    0    0    0    0    0    0    0    0    0]
[  23   22   27   30   23   79  508 1696 1670  769  268   54   14    1
    0    0    0    0    0    0    0    0    0    0    0]
[  10    9    3   12   29   43  382 1470 1608  859  294   95   24    6
    0    0    0    0    0    0    0    0    0    0    0]
[   6    4   13   24   52   63  444 1950 2429 1278  503  175   58   16
    4    1    1    0    0    0    0    0    0    0    0]
