[17 34 49 38 30 20  8  1  1  0  0  0  0  0  0  0  0  0  0  0  0  0  0  0
  0]
[19 42 54 45 44 30 13  6  3  1  0  0  0  0  0  0  0  0  0  0  0  0  0  0
  0]
[10 40 43 64 44 37 23  9  1  1  0  0  0  0  0  0  0  0  0  0  0  0  0  0
  0]
[11 24 28 28 37 43 27 20  1  0  0  0  0  0  0  0  0  0  0  0  0  0  0  0
  0]
[ 4 20 22 22 26 53 47 19  4  0  0  0  0  0  0  0  0  0  0  0  0  0  0  0
  0]
[ 5 13 18 33 20 37 44 37  7  0  0  0  0  0  0  0  0  0  0  0  0  0  0  0
  0]
[ 3 11 14 18 21 44 40 23 15  5  0  0  0  0  0  0  0  0  0  0  0  0  0  0
  0]
[ 1  3  4  8 14 31 41 27  7  3  2  1  0  0  0  0  0  0  0  0  0  0  0  0
  0]
[ 1  2  4  2  5 16 50 33 12  6  1  1  0  0  0  0  0  0  0  0  0  0  0  0
  0]
[ 0  0  2  3 11 19 59 44 23  8  1  0  0  0  0  0  0  0  0  0  0  0  0  0
  0]
[ 2  0  0  1  8 20 39 50 31 12  4  0  0  0  0  0  0  0  0  0  0  0  0  0
  0]
[ 0  0  0  1  6 12 50 35 25 11  4  0  0  0  0  0  0  0  0  0  0  0  0  0
  0]
[ 0  0  1  0  3 13 53 46 30 19  4  4  1  0  0  0  0  0  0  0  0  0  0  0
  0]
[ 1  0  1  1  4  9 46 74 38 18  9  1  0  0  0  0  0  0  0  0  0  0  0  0
  0]
[ 0  1  0  0  1 10 35 51 63 23  8  6  0  1  0  0  0  0  0  0  0  0  0  0
  0]
[ 0  0  0  0  1 10 42 89 69 27 12 10  1  0  0  0  0  0  0  0  0  0  0  0
  0]
[  1   1   0   2   2   3  47 110  81  39  29  17   5   0   0   0   0   0
   0   0   0   0   0   0   0]
[  2   0   0   0   2   4  44 126 113  70  46  29   6   0   0   0   0   0
   0   0   0   0   0   0   0]
[  0   0   0   1   0   6  40 156 150  95  50  26   8   0   0   0   0   0
   0   0   0   0   0   0   0]
[  0   0   0   0   1   2  39 123 214 118  69  36  26  14   5   1   0   0
   0   1   1   0   0   0   0]
