[ 53 148 218 209 108 100  62  24   4   1   0   0   0   0   0   0   0   0
   0   0   0   0   0   0   0]
[ 77 162 259 269 180 163 104  49  27   5   0   0   0   0   0   0   0   0
   0   0   0   0   0   0   0]
[ 50 124 241 234 224 212 159  99  46  14   2   0   0   0   0   0   0   0
   0   0   0   0   0   0   0]
[ 48  86 119 169 175 198 185 127  73  29   9   1   0   0   0   0   0   0
   0   0   0   0   0   0   0]
[ 39  62  74  96 131 163 192 168  78  18   6   1   0   0   0   0   0   0
   0   0   0   0   0   0   0]
[ 27  38  51  58  87 133 195 162 101  19   9   0   0   0   0   0   0   0
   0   0   0   0   0   0   0]
[ 12  17  32  43  62 101 149 126  90  33   7   0   0   0   0   0   0   0
   0   0   0   0   0   0   0]
[  6  11  17  17  40  92 147 167 106  43   6   3   0   0   0   0   0   0
   0   1   0   0   0   0   0]
[  3   9  14  13  32 102 170 199 138  39  18   2   0   0   0   0   0   0
   0   3   0   0   0   0   0]
[  1   3  10  10  25 113 158 241 181  81  24   8   2   0   0   0   0   0
   0   1   0   0   0   0   0]
[  1   3   3  10  32  85 163 291 216 128  44  16   4   2   0   0   0   0
   0   0   0   0   0   0   0]
[  2   1   4   3  22  86 157 316 253 148  56  16   1   0   1   0   0   0
   0   1   4   0   0   0   0]
[  1   2   4   2  29  69 234 389 300 189  86  24   9   0   1   0   0   0
   0   1   3   0   0   0   0]
[  1   2   2   3  14  73 205 411 387 244 112  25  15   0   1   0   0   0
   0   2   7   0   0   0   0]
[  4   1   0   2  10  53 157 435 483 377 153  51  16   4   0   0   0   0
   0   2   4   0   0   0   0]
[  2   3   1   2   8  39 191 458 501 390 205  72  25   5   3   0   0   0
   0   4   5   0   0   0   0]
[  0   1   1   4   8  24 175 454 591 433 268 102  24  10   2   0   0   0
   0   1  14   0   0   0   0]
[  0   0   0   0   0  21 152 470 632 485 322 146  47   3   0   0   0   0
   0   4   9   0   0   0   0]
[  0   0   0   0   2  22 125 479 660 558 392 215  73  13   6   5   0   0
   0   6  32   0   0   0   0]
[  0   0   1   0   3  11 131 564 861 796 629 359 148  33  14   3   3   0
   1   6  28   0   0   0   0]
