[11 15 12 10 10 12  2  2  2  0  0  0  0  0  0  0  0  0  0  0  0  0  0  0
  0]
[ 5 11 21 16 20 14  8  2  1  0  0  0  0  0  0  0  0  0  0  0  0  0  0  0
  0]
[5 4 8 9 4 9 3 1 0 0 0 0 0 0 0 0 0 0 0 0 0 0 0 0 0]
[ 4 12 15 28 19 22 18  8  3  0  0  0  0  0  0  0  0  0  0  0  0  0  0  0
  0]
[ 0  4 16 12 13 20 17 13  8  0  1  0  0  0  0  0  0  0  0  0  0  0  0  0
  0]
[ 3  5 11 10 10  8  8 11  3  5  1  0  0  0  0  0  0  0  0  0  0  0  0  0
  0]
[ 7  3  6 13 11 11  9 12  4  3  0  0  0  0  0  0  0  0  0  0  0  0  0  0
  0]
[ 2  1  6  3  8 18 13 25 15  6  1  1  0  0  0  0  0  0  0  0  0  0  0  0
  0]
[ 1  2  2  8  6 14 26 17 14 11  3  0  0  0  0  0  0  0  0  0  0  0  0  0
  0]
[ 0  2  0  1  4  4  9 13 13  4  1  0  0  0  0  0  0  0  0  0  0  0  0  0
  0]
[ 0  0  1  1  0  1  6 16  9  3  0  0  0  0  0  0  0  0  0  0  0  0  0  0
  0]
[ 0  0  1  0  0  3 10 13  7  8  7  0  0  0  0  0  0  0  0  0  0  0  0  0
  0]
[ 1  0  2  0  0  5 10 25 13 10  3  2  0  0  0  0  0  0  0  0  0  0  0  0
  0]
[ 0  0  0  0  0  3 10 14 12  8  6  0  0  0  0  0  0  0  0  0  0  0  0  0
  0]
[ 0  0  0  0  0  3  4 14 10  5  3  1  0  0  0  0  0  0  0  0  0  0  0  0
  0]
[ 2  0  0  1  0  0 13 13 16 10  8  2  0  0  0  0  0  0  0  0  0  0  0  0
  0]
[ 0  0  0  1  1  5  9 28 38 12 11  1  0  0  0  0  0  0  0  0  0  0  0  0
  0]
[ 0  0  0  0  2  2  8 21 31 19  9  6  1  0  0  0  0  0  0  0  0  0  0  0
  0]
[ 0  0  0  0  0  1  8 21 30 23 11  8  2  0  0  0  0  0  0  0  0  0  0  0
  0]
[ 0  0  0  0  0  1  9 26 56 41 13  9  2  1  1  1  0  0  0  0  0  0  0  0
  0]
