[1 3 4 1 0 1 2 0 0 0 0 0 0 0 0 0 0 0 0 0 0 0 0 0 0]
[3 5 4 5 1 2 1 0 0 0 0 0 0 0 0 0 0 0 0 0 0 0 0 0 0]
[1 4 6 4 5 4 3 0 0 0 0 0 0 0 0 0 0 0 0 0 0 0 0 0 0]
[1 1 1 2 5 2 5 2 0 0 0 0 0 0 0 0 0 0 0 0 0 0 0 0 0]
[1 0 1 5 3 8 4 3 0 0 0 0 0 0 0 0 0 0 0 0 0 0 0 0 0]
[0 0 0 1 1 4 5 0 1 0 0 0 0 0 0 0 0 0 0 0 0 0 0 0 0]
[0 0 0 0 3 2 3 2 0 0 0 0 0 0 0 0 0 0 0 0 0 0 0 0 0]
[0 0 0 0 0 3 8 6 7 1 0 0 0 0 0 0 0 0 0 0 0 0 0 0 0]
[0 0 0 0 1 1 5 8 8 1 0 0 0 0 0 0 0 0 0 0 0 0 0 0 0]
[0 0 0 0 0 1 6 9 7 2 1 0 0 0 0 0 0 0 0 0 0 0 0 0 0]
[0 0 0 0 0 1 6 5 3 8 1 0 0 0 0 0 0 0 0 0 0 0 0 0 0]
[0 0 0 0 0 1 6 8 9 4 1 0 0 0 0 0 0 0 0 0 0 0 0 0 0]
[ 0  0  0  0  0  4 11  9  6  2  0  0  0  0  0  0  0  0  0  0  0  0  0  0
  0]
[ 0  0  0  0  1  2  7  8 16  2  1  0  0  0  0  0  0  0  0  0  0  0  0  0
  0]
[ 0  0  0  0  0  2  7 16 17  8  3  0  0  0  0  0  0  0  0  0  0  0  0  0
  0]
[ 0  0  1  0  0  2  6 21 22 11  3  0  0  0  0  0  0  0  0  0  0  0  0  0
  0]
[ 0  0  0  0  1  1  4 25 18 17 10  2  1  0  0  0  0  0  0  0  0  0  0  0
  0]
[ 0  0  0  0  0  0  4 12 36 19  8  3  0  0  0  0  0  0  0  0  0  0  0  0
  0]
[ 0  0  0  0  1  0  7 18 48 51 18  6  0  1  0  0  0  0  0  0  0  0  0  0
  0]
[ 0  0  0  0  1  0  6 37 74 89 42 14  4  3  0  0  0  0  0  3  2  0  0  0
  0]
