[ 28  85 117 105 101  92  42  19   7   1   0   0   0   0   0   0   0   0
   0   0   0   0   0   0   0]
[ 49 105 215 222 243 151 106  43   9   1   1   0   0   0   0   0   0   0
   0   0   0   0   0   0   0]
[ 20  50  78  93 112 131 105  52  12   2   0   0   0   0   0   0   0   0
   0   0   0   0   0   0   0]
[ 4 10 23 28 34 40 53 30  5  0  1  0  0  0  0  0  0  0  0  0  0  0  0  0
  0]
[11  6 19 19 24 33 36 24  7  4  0  0  0  0  0  0  0  0  0  0  0  0  0  0
  0]
[ 12  30  30  38  40  74 108 102  41   6   1   0   0   0   0   0   0   0
   0   0   0   0   0   0   0]
[ 12  16  19  27  36  98 154 103  40  21   0   0   0   0   0   0   0   0
   0   0   0   0   0   0   0]
[ 2  3  5  9 23 57 88 72 19  3  0  1  0  0  0  0  0  0  0  0  0  0  0  0
  0]
[ 1  1  0  2  5 11 30 30 18  4  2  0  0  0  0  0  0  0  0  0  0  0  0  0
  0]
[ 2  1  2  6  9 26 35 42 39 14  2  0  0  0  0  0  0  0  0  0  0  0  0  0
  0]
[  5   5   5  19  17  43 131 139  99  34   4   0   0   0   0   0   0   0
   0   0   0   0   0   0   0]
[  0   2   2   4  11  37 111 120  75  31   8   0   0   0   0   0   0   0
   0   0   0   0   0   0   0]
[ 2  0  0  0  1 12 24 42 20  7  2  0  0  0  0  0  0  0  0  0  0  0  0  0
  0]
[ 3  0  1  2  4 15 28 37 24  7  8  4  1  0  0  0  0  0  0  0  0  0  0  0
  0]
[  5   3   6   7  14  26  81 136 102  54  19   3   0   0   0   0   0   0
   0   0   0   0   0   0   0]
[  3   1   2   8   7  20  66 146 112  46   8   5   0   0   0   0   0   0
   0   0   0   0   0   0   0]
[ 0  1  0  1  5  2 17 32 30  8  9  3  0  0  0  0  0  0  0  0  0  0  0  0
  0]
[ 5  2  2  3  2  5 28 65 76 33 21  8  1  0  0  0  0  0  0  0  0  0  0  0
  0]
[ 16   2  12  12  17  23  96 231 267 140  53  13   4   0   0   0   0   0
   0   0   0   0   0   0   0]
[  5   2   1   3   7   6  43 165 210 108  38  11   2   0   0   0   0   0
   0   0   0   0   0   0   0]
