[ 87 180 274 251 248 174 111  20   2   0   0   0   0   0   0   0   0   0
   0   0   0   0   0   0   0]
[17 58 99 95 94 72 66 12  2  0  1  0  0  0  0  0  0  0  0  0  0  0  0  0
  0]
[ 10  60  78  75  78 112  80  27   4   0   0   0   0   0   0   0   0   0
   0   0   0   0   0   0   0]
[ 39 101 166 159 227 340 324 124  39   7   0   0   0   0   0   0   0   0
   0   0   0   0   0   0   0]
[ 51  99 156 144 195 457 467 161  42   3   0   0   0   0   0   0   0   0
   0   0   0   0   0   0   0]
[  6  12  29  22  59 137 136  90  20   4   2   0   0   0   0   0   0   0
   0   0   0   0   0   0   0]
[ 1  3  3  5 24 61 98 39  8  2  0  0  0  0  0  0  0  0  0  0  0  0  0  0
  0]
[  3   2   3  13  34 156 254 157  39   8   2   0   0   0   0   0   0   0
   0   0   0   0   0   0   0]
[  3   5   9  22  77 277 736 492 175  33   4   0   0   0   0   0   0   0
   0   0   0   0   0   0   0]
[  0   2   2   5  47 183 478 396 157  47   7   5   0   0   0   0   0   0
   0   0   0   0   0   0   0]
[  3   2   2   5   6  52 123 111  46  13   3   0   0   0   0   0   0   0
   0   0   0   0   0   0   0]
[  3   1   1   0  11  67 238 216  67  19   9   1   0   0   0   0   0   0
   0   0   0   0   0   0   0]
[  2   1   2   4   7  55 325 392 197  58  23   2   0   0   0   0   0   0
   0   0   0   0   0   0   0]
[  3   1   0   2  19  64 334 523 331 143  25  10   2   0   0   0   0   0
   0   0   0   0   0   0   0]
[  1   1   1   3   4  23 118 199 118  33  27   5   0   0   0   0   0   0
   0   0   0   0   0   0   0]
[  4   4   4   4   4  25 123 215 119  50  33   9   2   0   0   0   0   0
   0   0   0   0   0   0   0]
[  5   5   7   6   4  14 211 477 350 110  63  32   1   0   0   0   0   0
   0   0   0   0   0   0   0]
[  7   4   5   3   2  14 142 561 484 170  52  10   3   0   0   0   0   0
   0   0   0   0   0   0   0]
[  0   0   0   2   4   9 110 402 433 164  54  29   3   0   0   0   0   0
   0   0   0   0   0   0   0]
[  3   1   6   7  18  10 139 687 876 402 117  47  16   4   2   0   0   0
   0   0   0   0   0   0   0]
