[ 39  66 107 101  75  72  74  52  17   4   0   0   0   0   0   0   0   0
   0   0   0   0   0   0   0]
[ 23  65  99  89  98  87 121  78  19   6   1   0   0   0   0   0   0   0
   0   0   0   0   0   0   0]
[15 29 25 48 50 79 85 91 31 10  1  0  0  0  0  0  0  0  0  0  0  0  0  0
  0]
[ 26  23  40  40  53  80 108 123  28   9   1   0   1   0   0   0   0   0
   0   0   0   0   0   0   0]
[ 16  22  26  23  33  70 122 156  40  16   1   0   0   0   0   0   0   0
   0   0   0   0   0   0   0]
[ 16  11  20  19  30  60 134 167  71  11   3   1   0   0   0   0   0   0
   0   0   0   0   0   0   0]
[  5  10   6   8  17  40 119 146  72  23   3   1   1   0   0   0   0   0
   0   0   0   0   0   0   0]
[  3   1   6   2  16  53 110 168  62  26   5   2   0   0   0   0   0   0
   0   0   0   0   0   0   0]
[  0   2   6   2  12  37 108 167  66  24  10   3   3   0   0   0   0   0
   0   0   0   0   0   0   0]
[  1   1   0   4  15  34  95 150  57  22  12   4   1   0   0   0   0   0
   0   0   0   0   0   0   0]
[ 2  1  0  0  2 27 67 83 46 28  8  5  4  0  0  0  0  0  0  0  0  0  0  0
  0]
[ 3  2  2  4  8 24 46 76 57 51 15  6  3  0  0  0  0  0  0  0  0  0  0  0
  0]
[ 1  2  0  4  7 24 49 67 62 46 10 10  3  1  0  0  0  0  0  0  0  0  0  0
  0]
[ 3  3  1  2  3  3 33 45 56 47 25 11  5  0  0  0  0  0  0  0  0  0  0  0
  0]
[ 0  1  0  1  4  4 32 63 60 52 25 12  8  0  0  0  0  0  0  0  0  0  0  0
  0]
[ 0  1  0  0  1  5 14 34 40 37 30 14  4  0  0  0  0  0  0  0  0  0  0  0
  0]
[ 1  0  0  1  0  4 12 22 28 32 19 28  6  1  0  0  0  0  0  0  0  0  0  0
  0]
[ 0  0  0  0  2  0  8 25 22 19 16 12  9  0  0  1  0  0  0  0  0  0  0  0
  0]
[ 0  0  0  0  0  2  5 21 31 26 14  5  9  1  0  0  0  0  0  0  0  0  0  0
  0]
[ 0  0  0  0  0  1  3 10 20 20 12 11  4  4  0  0  0  0  0  0  0  0  0  0
  0]
