[12 23 19 16 10  7 10  1  1  0  0  0  0  0  0  0  0  0  0  0  0  0  0  0
  0]
[ 9 15 22 18 13 13  7  5  0  0  0  0  0  0  0  0  0  0  0  0  0  0  0  0
  0]
[ 1 14 13 15 17 16 13  8  1  0  0  0  0  0  0  0  0  0  0  0  0  0  0  0
  0]
[ 6  5 14 18 19 23 16  9  6  3  0  0  0  0  0  0  0  0  0  0  0  0  0  0
  0]
[ 3 11  5  6 20 14 30 20  8  2  0  0  0  0  0  0  0  0  0  0  0  0  0  0
  0]
[ 0  7  8  5  8 14 15 10  7  3  2  0  0  0  0  0  0  0  0  0  0  0  0  0
  0]
[ 1  2  2  2  9 20 16 11  3  0  1  0  0  0  0  0  0  0  0  0  0  0  0  0
  0]
[ 0  1  5  3  8 13 12 13  6  1  0  0  0  0  0  0  0  0  0  0  0  0  0  0
  0]
[ 0  3  0  2  2  6 18 21  9  1  1  0  0  0  0  0  0  0  0  0  0  0  0  0
  0]
[ 0  0  1  1  3 13 16  8 11  3  0  0  0  0  0  0  0  0  0  0  0  0  0  0
  0]
[ 0  0  0  2  3 12 20 22 13  4  0  0  1  0  0  0  0  0  0  0  0  0  0  0
  0]
[ 1  1  0  0  4 10 18 20 16  3  2  0  0  0  0  0  0  0  0  0  0  0  0  0
  0]
[ 0  0  0  0  2  7 14 20 25  7  0  1  0  0  0  0  0  0  0  0  0  0  0  0
  0]
[ 0  0  0  1  0 10 23 29 23 12  7  0  1  0  0  0  0  0  0  0  0  0  0  0
  0]
[ 0  0  0  0  0  6 22 38 35 10  3  3  1  0  0  0  0  0  0  0  0  0  0  0
  0]
[ 0  0  0  0  0  1 12 45 34 19 17  2  0  0  0  0  0  0  0  0  0  0  0  0
  0]
[ 0  1  0  0  0  1  7 29 35 32 15  4  1  0  0  0  0  0  0  2  0  0  0  0
  0]
[ 0  0  0  1  1  5 20 47 70 39 26 14  3  0  1  0  0  0  0  2  2  0  0  0
  0]
[ 0  0  0  1  1  8 21 74 98 58 25 20  3  0  0  0  0  0  0  5  6  0  0  0
  0]
[  1   0   0   0   1   1  17  89 101  73  30  32  11   4   0   1   0   0
   0   5  10   0   0   0   0]
