[18 57 73 76 57 63 29 10  3  0  0  0  0  0  0  0  0  0  0  0  0  0  0  0
  0]
[ 30  64 127 138 151  94  67  23   7   0   1   0   0   0   0   0   0   0
   0   0   0   0   0   0   0]
[16 32 52 54 73 87 69 39 10  2  0  0  0  0  0  0  0  0  0  0  0  0  0  0
  0]
[ 4  6 17 14 24 20 32 19  1  0  1  0  0  0  0  0  0  0  0  0  0  0  0  0
  0]
[ 9  5 17 14 23 23 25 16  5  2  0  0  0  0  0  0  0  0  0  0  0  0  0  0
  0]
[ 7 16 21 26 27 43 71 69 26  4  0  0  0  0  0  0  0  0  0  0  0  0  0  0
  0]
[ 8 11 10 16 23 58 98 62 28 11  0  0  0  0  0  0  0  0  0  0  0  0  0  0
  0]
[ 1  3  4  7 11 43 61 50 13  1  0  1  0  0  0  0  0  0  0  0  0  0  0  0
  0]
[ 1  1  0  2  2  9 23 22 12  2  2  0  0  0  0  0  0  0  0  0  0  0  0  0
  0]
[ 2  1  2  5  4 16 19 29 18 11  1  0  0  0  0  0  0  0  0  0  0  0  0  0
  0]
[ 2  4  5 18 14 27 97 89 66 20  3  0  0  0  0  0  0  0  0  0  0  0  0  0
  0]
[ 0  2  1  4  6 28 71 80 49 23  4  0  0  0  0  0  0  0  0  0  0  0  0  0
  0]
[ 2  0  0  0  1  9 18 32 10  3  2  0  0  0  0  0  0  0  0  0  0  0  0  0
  0]
[ 3  0  1  1  4  9 23 21 20  3  1  1  1  0  0  0  0  0  0  0  0  0  0  0
  0]
[  4   2   3   6  10  17  61 104  67  34  14   3   0   0   0   0   0   0
   0   0   0   0   0   0   0]
[ 2  0  2  8  6 14 46 98 78 31  5  4  0  0  0  0  0  0  0  0  0  0  0  0
  0]
[ 0  1  0  1  3  2 11 20 23  5  7  1  0  0  0  0  0  0  0  0  0  0  0  0
  0]
[ 5  1  2  3  2  2 18 35 49 27 18  7  1  0  0  0  0  0  0  0  0  0  0  0
  0]
[ 12   2  10  10  12  16  72 153 184  85  37   8   3   0   0   0   0   0
   0   0   0   0   0   0   0]
[  4   1   1   2   6   5  30  91 104  72  23   7   1   0   0   0   0   0
   0   0   0   0   0   0   0]
