[ 36  41  45  62  88 124  77  48   5   0   0   0   0   0   0   0   0   0
   0   0   0   0   0   0   0]
[ 60  68  53  65  54 111 107  97  22   1   0   0   0   0   0   0   0   0
   0   0   0   0   0   0   0]
[ 27  34  49  39  61  74 136 168  60  20   2   0   0   0   0   0   0   0
   0   0   0   0   0   0   0]
[ 13  14  23  32  41  72 145 206  90  33   4   1   0   0   0   0   0   0
   0   0   0   0   0   0   0]
[  3   7   9   6  12  36 118 180  72  13   6   0   0   0   0   0   0   0
   0   0   0   0   0   0   0]
[  6  33  30  32  27  62 106 121  73  39   4   0   0   1   0   0   0   0
   0   0   0   0   0   0   0]
[ 10  13  13  27  37  82 106 161 186  74  13   1   0   0   0   0   0   0
   0   0   0   0   0   0   0]
[  5   9   7  14  25  63 108 238 362 121  17   2   0   0   0   0   0   0
   0   0   0   0   0   0   0]
[  6   1   3  11   5  46  86 100 116  44  15   0   2   0   0   0   0   0
   0   0   0   0   0   0   0]
[ 1  6  7 11 31 84 84 82 32 36 24  8  0  0  0  0  0  0  0  0  0  0  0  0
  0]
[ 2  1  1  2  8 30 74 67 43 30 15 15  3  0  0  0  0  0  0  0  0  0  0  0
  0]
[ 2  0  3  4  4 24 72 83 51 20 11  6  2  1  0  0  0  0  0  0  0  0  0  0
  0]
[ 0  0  1  2 11 27 46 63 47 34 13  5  1  1  0  0  0  0  0  0  0  0  0  0
  0]
[ 1  1  0  0  0 10 38 81 39 23 13  1  2  0  0  0  0  0  0  0  0  0  0  0
  0]
[ 4  2  0  0  2 10 31 55 42 24  8  2  0  1  0  0  0  0  0  0  0  0  0  0
  0]
[ 5  3  2  0  2  4 23 51 47 29  9  3  2  0  0  0  0  0  0  0  0  0  0  0
  0]
[ 3  0  2  3  1 12 18 58 41 24 10  4  2  0  0  0  0  0  0  0  0  0  0  0
  0]
[ 1  2  3  5  5  8 21 40 34 23 10  3  2  1  0  0  0  0  0  0  0  0  0  0
  0]
[ 3  2  1  2 11 14 29 56 41 26  8  5  0  0  0  0  0  0  0  0  0  0  0  0
  0]
[ 1  2  1  0  1  4 29 51 57 34 11  5  2  0  0  0  0  0  0  0  0  0  0  0
  0]
