[7 9 9 7 9 8 2 1 2 0 0 0 0 0 0 0 0 0 0 0 0 0 0 0 0]
[ 4  7 15 10  9 12  7  2  1  0  0  0  0  0  0  0  0  0  0  0  0  0  0  0
  0]
[3 0 5 5 2 6 1 1 0 0 0 0 0 0 0 0 0 0 0 0 0 0 0 0 0]
[ 1  8 11 19 15 13 14  7  2  0  0  0  0  0  0  0  0  0  0  0  0  0  0  0
  0]
[ 0  3 13  7  8 11 10 10  7  0  1  0  0  0  0  0  0  0  0  0  0  0  0  0
  0]
[ 3  5  7  8  5  7  6 10  1  4  1  0  0  0  0  0  0  0  0  0  0  0  0  0
  0]
[ 5  3  4  9 10  7  6  9  2  3  0  0  0  0  0  0  0  0  0  0  0  0  0  0
  0]
[ 1  1  3  2  3 12 10 13  7  4  0  0  0  0  0  0  0  0  0  0  0  0  0  0
  0]
[ 1  1  0  5  3  9 20 14  8  6  2  0  0  0  0  0  0  0  0  0  0  0  0  0
  0]
[0 1 0 0 3 0 8 8 9 3 1 0 0 0 0 0 0 0 0 0 0 0 0 0 0]
[ 0  0  1  1  0  1  4 11  8  3  0  0  0  0  0  0  0  0  0  0  0  0  0  0
  0]
[0 0 1 0 0 2 8 7 5 7 3 0 0 0 0 0 0 0 0 0 0 0 0 0 0]
[ 1  0  2  0  0  3  6 16 11  3  1  0  0  0  0  0  0  0  0  0  0  0  0  0
  0]
[ 0  0  0  0  0  2  8 11  8  8  2  0  0  0  0  0  0  0  0  0  0  0  0  0
  0]
[ 0  0  0  0  0  2  4 11  8  5  2  0  0  0  0  0  0  0  0  0  0  0  0  0
  0]
[ 1  0  0  1  0  0  8 10  9  4  4  1  0  0  0  0  0  0  0  0  0  0  0  0
  0]
[ 0  0  0  0  1  2  7 25 32 11 10  1  0  0  0  0  0  0  0  0  0  0  0  0
  0]
[ 0  0  0  0  0  2  6 13 22 17  5  4  1  0  0  0  0  0  0  0  0  0  0  0
  0]
[ 0  0  0  0  0  1  8 14 25 18  9  7  2  0  0  0  0  0  0  0  0  0  0  0
  0]
[ 0  0  0  0  0  1  7 18 30 24  9  2  0  1  0  1  0  0  0  0  0  0  0  0
  0]
