[26 73 84 71 24 37 23 16  4  1  0  0  0  0  0  0  0  0  0  0  0  0  0  0
  0]
[30 53 89 91 68 62 48 28 18  5  0  0  0  0  0  0  0  0  0  0  0  0  0  0
  0]
[ 25  52 112 106 103  88  90  59  36  12   2   0   0   0   0   0   0   0
   0   0   0   0   0   0   0]
[ 23  50  55  90  88 102  91  84  58  26   6   0   0   0   0   0   0   0
   0   0   0   0   0   0   0]
[11 24 35 44 67 77 91 95 56 16  5  1  0  0  0  0  0  0  0  0  0  0  0  0
  0]
[ 6 14 18 20 38 39 88 75 62 10  7  0  0  0  0  0  0  0  0  0  0  0  0  0
  0]
[ 5  6 18 20 29 53 61 65 49 25  6  0  0  0  0  0  0  0  0  0  0  0  0  0
  0]
[  3   7   7  10  22  46  78 103  60  30   3   3   0   0   0   0   0   0
   0   1   0   0   0   0   0]
[ 3  5 10  7 22 46 84 97 83 23 12  1  0  0  0  0  0  0  0  3  0  0  0  0
  0]
[  1   1   6   4  16  56  84 131 103  52  22   7   2   0   0   0   0   0
   0   1   0   0   0   0   0]
[  1   2   1   6  11  51  71 148 103  87  35  11   3   2   0   0   0   0
   0   0   0   0   0   0   0]
[  1   1   4   1  10  54  77 169 159  98  36  13   1   0   1   0   0   0
   0   1   4   0   0   0   0]
[  0   2   2   2  20  38 133 200 177 137  60  21   9   0   1   0   0   0
   0   1   3   0   0   0   0]
[  1   2   1   2   8  44 111 233 243 163  84  11  13   0   1   0   0   0
   0   2   7   0   0   0   0]
[  2   1   0   2   4  29  78 228 282 247 106  36  13   3   0   0   0   0
   0   2   4   0   0   0   0]
[  1   3   1   1   3  19 105 274 320 271 145  48  19   4   3   0   0   0
   0   4   2   0   0   0   0]
[  0   1   0   1   6  14  97 256 367 262 177  62  16   8   2   0   0   0
   0   1   9   0   0   0   0]
[  0   0   0   0   0  13  74 235 329 278 191 100  28   3   0   0   0   0
   0   4   5   0   0   0   0]
[  0   0   0   0   0   8  60 228 306 288 229 126  49   8   6   5   0   0
   0   3   8   0   0   0   0]
[  0   0   0   0   2   5  54 240 376 374 336 205  77  15   9   1   2   0
   0   2   8   0   0   0   0]
