[0 3 4 1 0 1 2 0 0 0 0 0 0 0 0 0 0 0 0 0 0 0 0 0 0]
[3 3 1 4 1 2 0 0 0 0 0 0 0 0 0 0 0 0 0 0 0 0 0 0 0]
[1 3 5 2 2 4 3 0 0 0 0 0 0 0 0 0 0 0 0 0 0 0 0 0 0]
[1 0 1 2 4 2 4 1 0 0 0 0 0 0 0 0 0 0 0 0 0 0 0 0 0]
[0 0 1 1 1 5 2 0 0 0 0 0 0 0 0 0 0 0 0 0 0 0 0 0 0]
[0 0 0 0 1 2 2 0 0 0 0 0 0 0 0 0 0 0 0 0 0 0 0 0 0]
[0 0 0 0 3 1 1 1 0 0 0 0 0 0 0 0 0 0 0 0 0 0 0 0 0]
[0 0 0 0 0 2 7 3 1 0 0 0 0 0 0 0 0 0 0 0 0 0 0 0 0]
[0 0 0 0 0 1 4 3 1 1 0 0 0 0 0 0 0 0 0 0 0 0 0 0 0]
[0 0 0 0 0 1 5 4 2 0 1 0 0 0 0 0 0 0 0 0 0 0 0 0 0]
[0 0 0 0 0 1 4 3 1 0 1 0 0 0 0 0 0 0 0 0 0 0 0 0 0]
[0 0 0 0 0 0 3 4 3 1 0 0 0 0 0 0 0 0 0 0 0 0 0 0 0]
[0 0 0 0 0 3 7 4 3 0 0 0 0 0 0 0 0 0 0 0 0 0 0 0 0]
[0 0 0 0 0 2 6 2 9 0 0 0 0 0 0 0 0 0 0 0 0 0 0 0 0]
[0 0 0 0 0 0 4 7 6 6 3 0 0 0 0 0 0 0 0 0 0 0 0 0 0]
[ 0  0  1  0  0  0  2 10 12  3  2  0  0  0  0  0  0  0  0  0  0  0  0  0
  0]
[ 0  0  0  0  0  1  3 19 14 11  8  1  0  0  0  0  0  0  0  0  0  0  0  0
  0]
[ 0  0  0  0  0  0  2  9 28 15  6  2  0  0  0  0  0  0  0  0  0  0  0  0
  0]
[ 0  0  0  0  1  0  7 14 46 43 14  6  0  1  0  0  0  0  0  0  0  0  0  0
  0]
[ 0  0  0  0  1  0  5 31 66 79 39 12  4  2  0  0  0  0  0  2  0  0  0  0
  0]
