[ 39  45  51  73  98 128  77  52   8   1   0   0   0   0   0   0   0   0
   0   0   0   0   0   0   0]
[ 61  70  59  70  57 112 110 112  36   2   0   0   0   0   0   0   0   0
   0   0   0   0   0   0   0]
[ 28  37  50  40  63  76 151 190  96  36   5   0   0   0   0   0   0   0
   0   0   0   0   0   0   0]
[ 17  15  24  34  44  74 156 248 135  48   7   2   0   0   0   0   0   0
   0   0   0   0   0   0   0]
[  4   8  11   8  15  50 149 253 124  43  13   6   0   0   0   0   0   0
   0   0   0   0   0   0   0]
[  6  33  30  32  30  64 118 167 157  82  12   2   0   1   0   0   0   0
   0   0   0   0   0   0   0]
[ 11  13  15  28  38  84 123 185 215 107  21   3   0   0   0   0   0   0
   0   0   0   0   0   0   0]
[  5   9   7  14  25  67 117 261 396 129  22   2   0   0   0   0   0   0
   0   0   0   0   0   0   0]
[  6   1   3  11   6  50  95 114 125  51  15   4   2   0   0   0   0   0
   0   0   0   0   0   0   0]
[ 1  6  8 11 31 89 89 90 37 41 27 10  0  0  0  0  0  0  0  0  0  0  0  0
  0]
[ 2  1  1  2 10 34 85 78 56 34 17 16  3  0  0  0  0  0  0  0  0  0  0  0
  0]
[  2   0   3   4   4  24  84 100  69  26  11   6   2   1   0   0   0   0
   0   0   0   0   0   0   0]
[ 0  0  1  2 11 29 52 91 72 40 15  5  2  1  0  0  0  0  0  0  0  0  0  0
  0]
[ 1  1  0  0  0 10 39 94 52 33 17  2  3  0  0  0  0  0  0  0  0  0  0  0
  0]
[ 4  2  0  0  2 10 32 62 55 28 10  3  1  1  0  0  0  0  0  0  0  0  0  0
  0]
[ 5  3  2  0  2  5 24 60 51 30 11  3  2  0  0  0  0  0  0  0  0  0  0  0
  0]
[ 3  0  2  3  1 12 21 59 46 30 11  4  2  0  0  0  0  0  0  0  0  0  0  0
  0]
[ 1  2  3  5  5  8 23 41 36 27 14  5  2  1  0  0  0  0  0  0  0  0  0  0
  0]
[ 3  2  1  2 11 15 30 61 49 28  8  6  0  0  0  0  0  0  0  0  0  0  0  0
  0]
[ 1  2  1  0  1  4 30 60 64 38 16  5  2  0  0  0  0  0  0  0  0  0  0  0
  0]
