[ 45  43  57  81  87 143 254 255  64  16   3   0   0   1   1   0   0   0
   0   0   0   0   0   0   0]
[ 25  30  50  64  92 119 225 226  66  12   1   0   0   0   0   0   0   0
   0   0   0   0   0   0   0]
[  2  19  27  51  62  89 169 172  41  18   2   0   1   0   0   1   0   0
   0   0   0   0   0   0   0]
[  3  15  18  39  55  81 138 155  39  12   4   0   0   1   0   0   0   0
   0   0   0   0   0   0   0]
[  2   6  15  18  39  73  88 129  52  17   8   3   0   4   3   0   0   0
   0   0   0   0   0   0   0]
[  1   5   7   8  29  41  86 134  72  17   2   0   1   1   4   1   0   0
   0   0   0   0   0   0   0]
[  0   1   0  11  37  50 117 166  95  18   3   0   0   2   0   2   0   0
   0   0   0   0   0   0   0]
[  1   0   0   3  10  31  67 109  55  16   4   1   1   1   1   0   0   0
   0   0   0   0   0   0   0]
[ 2  0  0  5 10 21 47 80 42 22  5  1  0  1  2  0  0  0  0  0  0  0  0  0
  0]
[ 1  1  0  2  2 14 43 44 37 21  6  1  0  1  0  0  0  0  0  0  0  0  0  0
  0]
[ 0  0  0  1  7  5 31 61 36 14  2  0  0  0  0  0  0  0  0  0  0  0  0  0
  0]
[ 0  0  0  3  3  8 28 73 50 17  3  1  0  0  0  0  0  0  0  0  0  0  0  0
  0]
[ 0  0  0  0  0  5 31 57 46 18  8  1  0  0  0  0  0  0  0  0  0  0  0  0
  0]
[ 0  1  0  0  0  1 13 28 31 22 13  2  1  0  0  0  0  0  0  0  0  0  0  0
  0]
[ 0  0  0  0  0  1  6 32 26 25  8  2  0  0  0  0  0  0  0  0  0  0  0  0
  0]
[ 0  0  0  0  0  2  5 24 29 22  7  4  2  0  0  0  0  0  0  0  0  0  0  0
  0]
[ 0  0  0  0  0  0  6 25 29  6  1  4  0  2  0  0  0  0  0  0  0  0  0  0
  0]
[ 0  0  0  0  0  2  2  8 10 10  1  1  0  0  0  0  0  0  0  0  0  0  0  0
  0]
[ 0  0  0  0  0  0  1  3 14 11  2  0  0  0  0  0  0  0  0  0  0  0  0  0
  0]
[0 0 0 0 0 0 0 2 6 7 0 0 0 0 0 0 0 0 0 0 0 0 0 0 0]
