[ 42  79 139 129  95  85  88  61  18   4   0   0   0   0   0   0   0   0
   0   0   0   0   0   0   0]
[ 35  87 139 135 119 105 145  95  24   8   1   0   0   0   0   0   0   0
   0   0   0   0   0   0   0]
[ 20  37  37  60  66  91 107 106  40  16   1   0   0   0   0   0   0   0
   0   0   0   0   0   0   0]
[ 32  30  47  47  64 106 134 150  41  20   3   0   1   0   0   0   0   0
   0   0   0   0   0   0   0]
[ 20  30  43  35  51  93 148 186  65  30   4   1   0   0   0   0   0   0
   0   0   0   0   0   0   0]
[ 18  16  30  26  39  80 189 256 129  36   6   3   0   0   0   0   0   0
   0   0   0   0   0   0   0]
[ 10  18  14  23  29  65 171 253 167  46   9   4   1   0   0   0   0   0
   0   0   0   0   0   0   0]
[  4   3   8   9  20  66 144 223 125  45   9   2   0   1   0   0   0   0
   0   0   0   0   0   0   0]
[  2   3   8   3  18  49 148 228 106  54  20   4   4   0   1   0   0   0
   0   0   0   0   0   0   0]
[  2   1   1   4  18  56 124 195 115  48  21   5   2   0   0   0   0   0
   0   0   0   0   0   0   0]
[  2   1   1   0   6  40 102 148  87  65  18   9   5   0   0   0   0   0
   0   0   0   0   0   0   0]
[  4   2   2   4   9  37  82 125 101  81  21  12   4   0   0   0   0   0
   0   0   0   0   0   0   0]
[  1   3   1   4   7  30  74 113 120  73  18  11   4   1   0   0   0   0
   0   0   0   0   0   0   0]
[ 3  3  1  2  5 11 66 95 89 84 38 13  5  0  0  0  0  0  0  0  0  0  0  0
  0]
[  1   1   1   1   4   9  53 100 105  72  42  17   9   0   0   0   0   0
   0   0   0   0   0   0   0]
[ 0  2  0  1  2  7 32 73 74 60 41 19  5  0  0  0  0  0  0  0  0  0  0  0
  0]
[ 2  0  1  1  1  5 28 59 58 60 34 34  7  2  0  0  0  0  0  0  0  0  0  0
  0]
[ 0  0  0  1  2  0 14 51 45 44 31 26 19  1  0  1  0  0  0  0  0  0  0  0
  0]
[ 0  0  0  0  0  4  9 43 51 70 50 25 12  3  0  0  0  0  0  0  0  0  0  0
  0]
[ 0  0  0  0  0  2  7 25 52 45 48 27 14  4  0  0  0  0  0  0  0  0  0  0
  0]
