[21 42 35 34 17  8 12  1  1  0  0  0  0  0  0  0  0  0  0  0  0  0  0  0
  0]
[10 28 40 31 19 22 13  5  0  0  0  0  0  0  0  0  0  0  0  0  0  0  0  0
  0]
[ 6 26 31 35 41 36 25 10  1  0  0  0  0  0  0  0  0  0  0  0  0  0  0  0
  0]
[10 13 26 36 39 41 31 14  6  3  0  0  0  0  0  0  0  0  0  0  0  0  0  0
  0]
[ 6 21 21 23 43 45 49 26 14  2  0  0  0  0  0  0  0  0  0  0  0  0  0  0
  0]
[ 2 12 12  9 19 28 26 13  9  3  2  0  0  0  0  0  0  0  0  0  0  0  0  0
  0]
[ 3  2  4  3 14 29 27 17  7  1  1  0  0  0  0  0  0  0  0  0  0  0  0  0
  0]
[ 0  3  5  5 15 30 33 30 11  1  0  0  0  0  0  0  0  0  0  0  0  0  0  0
  0]
[ 0  3  1  3  4 13 37 29 12  2  2  0  0  0  0  0  0  0  0  0  0  0  0  0
  0]
[ 0  1  2  1  9 29 28 26 18 10  0  1  0  0  0  0  0  0  0  0  0  0  0  0
  0]
[ 0  1  0  3  5 27 36 51 21  9  2  0  1  0  0  0  0  0  0  0  0  0  0  0
  0]
[ 3  1  0  0  5 13 42 49 39  9  3  0  0  0  0  0  0  0  0  0  0  0  0  0
  0]
[ 1  0  0  0  2 19 30 49 40 16  2  3  1  0  0  0  0  0  0  0  0  0  0  0
  0]
[ 0  0  0  1  2 12 46 56 42 24 12  4  1  0  0  0  0  0  0  0  0  0  0  0
  0]
[ 0  0  0  0  0 11 45 66 64 31 15  8  1  0  0  0  0  0  0  0  0  0  0  0
  0]
[ 0  0  0  2  2  5 33 93 56 48 32  4  2  0  0  0  0  0  0  0  0  0  0  0
  0]
[ 0  1  1  0  2  2 30 72 79 60 39 15  4  0  0  0  0  0  0  2  0  0  0  0
  0]
[  0   2   0   2   1   8  36  87 119  76  54  29   8   1   1   0   0   0
   0   3   9   0   0   0   0]
[  2   0   2   1   1  10  37 131 170 102  65  38   6   0   0   0   0   0
   0  16  11   0   0   0   0]
[  1   1   0   1   1   5  38 144 187 141  78  56  20   9   0   1   0   0
   0  17  16   0   0   0   0]
