[ 77 201 323 339 252 204 119  36   4   0   0   0   0   0   0   0   0   0
   0   0   0   0   0   0   0]
[ 44 108 174 219 201 185 124  41   6   0   0   0   0   0   0   0   0   0
   0   0   0   0   0   0   0]
[21 29 47 59 63 73 81 30  5  0  0  0  0  0  0  0  0  0  0  0  0  0  0  0
  0]
[ 11  46  67  65  80 102  88  38   7   1   0   0   0   0   0   0   0   0
   0   0   0   0   0   0   0]
[ 14  46  60  66 114 189 228  71  29   1   0   0   0   0   0   0   0   0
   0   0   0   0   0   0   0]
[ 10  27  46  43  82 181 233 119  31   3   3   0   0   0   0   0   0   0
   0   0   0   0   0   0   0]
[  2   6  21  18  44  86 180 104  26   4   0   0   0   0   0   0   0   0
   0   0   0   0   0   0   0]
[  1   4   3  13  31  67 107  56  18   5   0   0   0   0   0   0   0   0
   0   0   0   0   0   0   0]
[  0   1   3  11  28 124 223 128  39   8   1   1   0   0   0   0   0   0
   0   0   0   0   0   0   0]
[  0   0   2   5  28  82 200 180  52  21   2   0   0   0   0   0   0   0
   0   0   0   0   0   0   0]
[  2   2   4   8  27  80 178 197  74  23   1   0   0   0   0   0   0   0
   0   0   0   0   0   0   0]
[  1   0   1   2   4  39 104 136  70  17   8   0   0   0   0   0   0   0
   0   0   0   0   0   0   0]
[  0   0   0   3  11  57 171 179  75  32  20   2   0   0   0   0   0   0
   0   0   0   0   0   0   0]
[  2   2   0   2   5  22 140 193  90  42   8   1   0   0   0   0   0   0
   0   0   0   0   0   0   0]
[  6   3   8  10   5  33 127 200 139  44  31   5   1   0   0   0   0   0
   0   0   0   0   0   0   0]
[  1   1   0   4   1  17  96 184 117  43  30  14   0   0   0   0   0   0
   0   0   0   0   0   0   0]
[  4   2   0   6   9  22 131 234 145  60  39  22   2   1   0   0   0   0
   0   0   0   0   0   0   0]
[  7   4   5   5   4   7 119 364 274  90  37  30   5   0   0   0   0   0
   0   0   0   0   0   0   0]
[  6   2   8   8  11  17 119 495 491 235  64  20  12   1   0   0   0   0
   0   0   0   0   0   0   0]
[  1   2   2   4   5   9 112 439 584 284  89  33  16   2   3   3   0   0
   0   0   0   0   0   0   0]
