[192 410 595 620 560 365 230  67  10   0   0   0   0   0   0   0   0   0
   0   0   0   0   0   0   0]
[ 38  85 147 156 151 123 125  32   5   1   2   0   0   0   0   0   0   0
   0   0   0   0   0   0   0]
[ 27  93 124 130 143 178 151  77  19   1   0   0   0   0   0   0   0   0
   0   0   0   0   0   0   0]
[ 61 142 236 252 332 488 458 230  81  13   0   0   0   0   0   0   0   0
   0   0   0   0   0   0   0]
[ 79 158 245 262 349 722 789 376 111  25   0   0   0   0   0   0   0   0
   0   0   0   0   0   0   0]
[  9  27  58  61 115 232 291 196  48   7   3   0   0   0   0   0   0   0
   0   0   0   0   0   0   0]
[  4   7   5  17  42 107 170  89  35   9   1   0   0   0   0   0   0   0
   0   0   0   0   0   0   0]
[  7   2   8  22  51 234 406 267  91  30   3   0   0   0   0   0   0   0
   0   0   0   0   0   0   0]
[   4    6   12   32  120  434 1088  774  303   75    8    0    0    0
    0    0    0    0    0    0    0    0    0    0    0]
[  2   5   9  14  81 294 772 711 308  79   7   5   0   0   0   0   0   0
   0   0   0   0   0   0   0]
[  4   2   2   7   8  83 195 218 123  28   7   0   0   0   0   0   0   0
   0   0   0   0   0   0   0]
[  4   1   1   0  17  96 333 349 143  40  19   2   1   0   0   0   0   0
   0   0   0   0   0   0   0]
[  2   3   3   6  22 106 523 644 372 149  42   6   0   0   0   0   0   0
   0   0   0   0   0   0   0]
[  3   2   1   5  27  93 509 822 564 231  40  12   2   0   0   0   0   0
   0   0   0   0   0   0   0]
[  2   1   1   3   6  33 185 321 211  71  38   7   0   0   0   0   0   0
   0   0   0   0   0   0   0]
[  8   6   6   6  10  33 181 336 194  82  45  12   2   0   0   0   0   0
   0   0   0   0   0   0   0]
[  8   8   8   9  10  18 301 730 545 191 102  48   2   0   0   0   0   0
   0   0   0   0   0   0   0]
[  9   8  10  10   8  30 265 966 917 337 127  26   6   0   0   0   0   0
   0   0   0   0   0   0   0]
[  0   3   0   2   8  19 182 710 775 292  99  41   6   4   0   0   0   0
   0   0   0   0   0   0   0]
[   3    2    6   10   21   18  227 1083 1399  660  214   81   21    8
    2    0    0    0    0    0    0    0    0    0    0]
