[ 80 188 322 379 364 296 195  91  25   8   3   0   0   0   0   0   0   0
   0   0   0   0   0   0   0]
[ 36  73 145 186 200 143 149  53   9   2   1   0   0   0   0   0   0   0
   0   0   0   0   0   0   0]
[ 28  48  68  85 116 148 106  58  11   1   1   0   0   0   0   0   0   0
   0   0   0   0   0   0   0]
[ 53  80 120 138 193 247 221 136  58   8   3   0   0   0   0   0   0   0
   0   0   0   0   0   0   0]
[ 37  57 120 137 151 208 264 204 122  23   7   0   0   0   0   0   0   0
   0   0   0   0   0   0   0]
[ 26  41  39  83  98 139 192 217  89  29  10   1   0   0   0   0   0   0
   0   0   0   0   0   0   0]
[ 10  16  32  30  49  83 144  97  35  12   2   0   0   0   0   0   0   0
   0   0   0   0   0   0   0]
[  3  11  22  23  38 116 207 148  85  23  10   1   0   0   0   0   0   0
   0   0   0   0   0   0   0]
[  4   7   6  21  49 103 189 204 142  59  20   2   0   0   0   0   0   0
   0   0   0   0   0   0   0]
[  4   2   4   7  22  59 180 256 173  72  12   1   0   0   0   0   0   0
   0   0   0   0   0   0   0]
[  0   0   1   5  10  56 126 155 139  58  12   4   1   0   0   0   0   0
   0   0   0   0   0   0   0]
[  0   1   3   9  22  53 150 176 119  68  17   2   0   0   0   0   0   0
   0   0   0   0   0   0   0]
[  2   3   3   5  19  47 128 216 199  75  21  11   0   0   0   0   0   0
   0   0   0   0   0   0   0]
[  4   2   2   4   9  43  98 191 184  82  23   5   0   0   0   0   0   0
   0   0   0   0   0   0   0]
[  3   1   0   3   6  21  79 143 110  74  34   4   2   0   0   0   0   0
   0   0   0   0   0   0   0]
[  3   3   2   4   5  21  95 184 153  84  31   6   0   0   0   0   0   0
   0   0   0   0   0   0   0]
[  6   4   2   3   9  16  68 180 152  93  29   9   4   1   0   0   0   0
   0   0   0   0   0   0   0]
[ 11   3   6   9   8  11  81 202 253 157  45  24   3   0   0   0   0   0
   0   0   0   0   0   0   0]
[  9   4   8   6   9   7  86 238 358 231  96  19   1   0   0   0   0   0
   0   0   0   0   0   0   0]
[  4   2   7   7   7  15  98 411 532 338 125  41   8   3   1   0   1   0
   0   0   0   0   0   0   0]
