netcdf Solar_avg_CESM_TSIS {
dimensions:
	wvl = 5006 ;
	time = UNLIMITED ; // (2 currently)
variables:
	float wvl(wvl) ;
		wvl:longname = "Wavelength center" ;
		wvl:units = "nm" ;
	float ssi(time, wvl) ;
		ssi:longname = "Solar spectral irradiance, average" ;
		ssi:units = "mW/m2/nm" ;
	float tsi(time) ;
		tsi:longname = "Total solar irradiance" ;
		tsi:units = "W/m2" ;
	float band_width(wvl) ;
	float date(time) ;
		date:longname = "current date (YYYYMMDD)" ;

// global attributes:
		:filename = "Solar_avg_CESM_TSIS.nc" ;
		:title = "solar spectral irradiance from tsis_ssi_L3_c24h_v01_20180314_20190813.txt" ;
data:

 wvl = 120.5, 121.5, 122.5, 123.5, 124.5, 125.5, 126.5, 127.5, 128.5, 129.5, 
    130.5, 131.5, 132.5, 133.5, 134.5, 135.5, 136.5, 137.5, 138.5, 139.5, 
    140.5, 141.5, 142.5, 143.5, 144.5, 145.5, 146.5, 147.5, 148.5, 149.5, 
    150.5, 151.5, 152.5, 153.5, 154.5, 155.5, 156.5, 157.5, 158.5, 159.5, 
    160.5, 161.5, 162.5, 163.5, 164.5, 165.5, 166.5, 167.5, 168.5, 169.5, 
    170.5, 171.5, 172.5, 173.5, 174.5, 175.5, 176.5, 177.5, 178.5, 179.5, 
    180.5, 181.5, 182.5, 183.5, 184.5, 185.5, 186.5, 187.5, 188.5, 189.5, 
    190.5, 191.5, 192.5, 193.5, 194.5, 195.5, 196.5, 197.5, 198.5, 199.5, 
    200.015, 200.06, 200.104, 200.149, 200.194, 200.239, 200.284, 200.329, 
    200.374, 200.419, 200.464, 200.509, 200.554, 200.6, 200.645, 200.691, 
    200.737, 200.782, 200.828, 200.873, 200.919, 200.965, 201.011, 201.057, 
    201.103, 201.149, 201.195, 201.241, 201.287, 201.333, 201.379, 201.425, 
    201.472, 201.518, 201.565, 201.612, 201.658, 201.705, 201.752, 201.799, 
    201.845, 201.892, 201.939, 201.986, 202.033, 202.079, 202.127, 202.174, 
    202.221, 202.269, 202.316, 202.364, 202.411, 202.458, 202.506, 202.553, 
    202.601, 202.649, 202.697, 202.745, 202.792, 202.84, 202.889, 202.937, 
    202.985, 203.033, 203.081, 203.13, 203.178, 203.226, 203.275, 203.324, 
    203.372, 203.421, 203.469, 203.518, 203.567, 203.616, 203.665, 203.714, 
    203.763, 203.813, 203.861, 203.91, 203.96, 204.009, 204.059, 204.108, 
    204.158, 204.207, 204.257, 204.307, 204.356, 204.406, 204.456, 204.506, 
    204.556, 204.606, 204.656, 204.706, 204.757, 204.807, 204.857, 204.908, 
    204.958, 205.009, 205.059, 205.11, 205.161, 205.212, 205.263, 205.313, 
    205.364, 205.415, 205.467, 205.518, 205.569, 205.62, 205.672, 205.723, 
    205.775, 205.826, 205.878, 205.929, 205.981, 206.033, 206.085, 206.137, 
    206.189, 206.241, 206.292, 206.345, 206.397, 206.45, 206.502, 206.554, 
    206.608, 206.66, 206.712, 206.765, 206.818, 206.87, 206.924, 206.976, 
    207.029, 207.083, 207.136, 207.189, 207.242, 207.296, 207.349, 207.402, 
    207.456, 207.51, 207.563, 207.617, 207.671, 207.725, 207.779, 207.833, 
    207.887, 207.941, 207.996, 208.049, 208.104, 208.158, 208.213, 208.267, 
    208.322, 208.377, 208.432, 208.486, 208.541, 208.597, 208.652, 208.707, 
    208.762, 208.817, 208.872, 208.928, 208.983, 209.039, 209.094, 209.15, 
    209.206, 209.262, 209.318, 209.374, 209.43, 209.486, 209.542, 209.598, 
    209.655, 209.711, 209.768, 209.824, 209.881, 209.937, 209.994, 210.051, 
    210.108, 210.165, 210.222, 210.279, 210.336, 210.393, 210.451, 210.508, 
    210.566, 210.623, 210.681, 210.739, 210.797, 210.854, 210.913, 210.97, 
    211.028, 211.087, 211.145, 211.203, 211.262, 211.32, 211.379, 211.437, 
    211.496, 211.555, 211.614, 211.673, 211.732, 211.79, 211.85, 211.909, 
    211.969, 212.028, 212.088, 212.147, 212.207, 212.267, 212.326, 212.386, 
    212.446, 212.506, 212.566, 212.626, 212.687, 212.747, 212.807, 212.868, 
    212.928, 212.989, 213.05, 213.11, 213.172, 213.232, 213.294, 213.355, 
    213.416, 213.477, 213.539, 213.6, 213.662, 213.723, 213.785, 213.847, 
    213.909, 213.971, 214.033, 214.095, 214.157, 214.219, 214.282, 214.345, 
    214.407, 214.47, 214.533, 214.595, 214.658, 214.721, 214.785, 214.847, 
    214.91, 214.974, 215.037, 215.1, 215.164, 215.228, 215.292, 215.355, 
    215.42, 215.484, 215.548, 215.612, 215.676, 215.741, 215.805, 215.87, 
    215.934, 215.999, 216.064, 216.129, 216.194, 216.259, 216.324, 216.389, 
    216.455, 216.52, 216.586, 216.651, 216.717, 216.783, 216.848, 216.915, 
    216.98, 217.047, 217.113, 217.18, 217.246, 217.312, 217.379, 217.446, 
    217.513, 217.58, 217.646, 217.714, 217.78, 217.848, 217.916, 217.983, 
    218.051, 218.119, 218.186, 218.254, 218.321, 218.39, 218.458, 218.526, 
    218.595, 218.663, 218.731, 218.8, 218.869, 218.938, 219.007, 219.076, 
    219.145, 219.214, 219.283, 219.352, 219.422, 219.492, 219.561, 219.631, 
    219.701, 219.771, 219.841, 219.912, 219.982, 220.052, 220.123, 220.194, 
    220.264, 220.335, 220.405, 220.477, 220.548, 220.619, 220.69, 220.762, 
    220.833, 220.905, 220.977, 221.049, 221.121, 221.192, 221.265, 221.337, 
    221.409, 221.482, 221.554, 221.627, 221.7, 221.772, 221.846, 221.919, 
    221.992, 222.065, 222.139, 222.212, 222.286, 222.36, 222.434, 222.507, 
    222.582, 222.656, 222.73, 222.804, 222.879, 222.953, 223.028, 223.103, 
    223.178, 223.254, 223.329, 223.404, 223.479, 223.554, 223.63, 223.706, 
    223.782, 223.858, 223.934, 224.01, 224.086, 224.162, 224.239, 224.316, 
    224.392, 224.47, 224.546, 224.624, 224.701, 224.779, 224.855, 224.933, 
    225.011, 225.089, 225.167, 225.245, 225.323, 225.402, 225.48, 225.558, 
    225.637, 225.716, 225.794, 225.874, 225.953, 226.032, 226.111, 226.19, 
    226.27, 226.35, 226.43, 226.509, 226.59, 226.67, 226.75, 226.831, 
    226.911, 226.992, 227.073, 227.154, 227.235, 227.316, 227.398, 227.479, 
    227.561, 227.642, 227.724, 227.806, 227.888, 227.97, 228.053, 228.135, 
    228.218, 228.3, 228.383, 228.466, 228.549, 228.633, 228.717, 228.8, 
    228.884, 228.967, 229.051, 229.135, 229.219, 229.303, 229.388, 229.472, 
    229.558, 229.642, 229.727, 229.812, 229.898, 229.982, 230.068, 230.154, 
    230.24, 230.326, 230.412, 230.498, 230.584, 230.671, 230.757, 230.844, 
    230.931, 231.018, 231.105, 231.193, 231.28, 231.367, 231.455, 231.543, 
    231.631, 231.719, 231.807, 231.896, 231.985, 232.073, 232.162, 232.251, 
    232.34, 232.429, 232.519, 232.609, 232.698, 232.788, 232.878, 232.968, 
    233.058, 233.149, 233.24, 233.331, 233.422, 233.513, 233.604, 233.695, 
    233.787, 233.878, 233.97, 234.062, 234.154, 234.246, 234.339, 234.432, 
    234.524, 234.617, 234.71, 234.804, 234.897, 234.99, 235.084, 235.178, 
    235.272, 235.366, 235.461, 235.555, 235.649, 235.744, 235.839, 235.934, 
    236.03, 236.125, 236.221, 236.316, 236.412, 236.508, 236.604, 236.701, 
    236.798, 236.895, 236.992, 237.088, 237.185, 237.283, 237.38, 237.478, 
    237.576, 237.674, 237.772, 237.87, 237.969, 238.068, 238.167, 238.265, 
    238.364, 238.465, 238.564, 238.664, 238.764, 238.864, 238.964, 239.064, 
    239.165, 239.266, 239.367, 239.468, 239.569, 239.67, 239.772, 239.874, 
    239.976, 240.079, 240.18, 240.283, 240.386, 240.489, 240.593, 240.696, 
    240.799, 240.902, 241.006, 241.11, 241.215, 241.318, 241.423, 241.528, 
    241.633, 241.738, 241.844, 241.949, 242.054, 242.16, 242.267, 242.373, 
    242.479, 242.586, 242.693, 242.8, 242.907, 243.014, 243.122, 243.23, 
    243.337, 243.445, 243.553, 243.663, 243.771, 243.88, 243.99, 244.099, 
    244.209, 244.318, 244.428, 244.539, 244.648, 244.759, 244.87, 244.981, 
    245.13, 245.227, 245.325, 245.423, 245.522, 245.619, 245.718, 245.817, 
    245.915, 246.014, 246.114, 246.213, 246.313, 246.413, 246.513, 246.613, 
    246.712, 246.813, 246.913, 247.014, 247.114, 247.216, 247.317, 247.418, 
    247.52, 247.622, 247.724, 247.826, 247.928, 248.03, 248.133, 248.235, 
    248.338, 248.441, 248.544, 248.648, 248.752, 248.856, 248.96, 249.064, 
    249.167, 249.272, 249.376, 249.482, 249.586, 249.692, 249.797, 249.903, 
    250.009, 250.114, 250.221, 250.327, 250.434, 250.54, 250.646, 250.754, 
    250.861, 250.969, 251.076, 251.183, 251.291, 251.4, 251.508, 251.617, 
    251.725, 251.834, 251.944, 252.053, 252.162, 252.272, 252.381, 252.491, 
    252.602, 252.712, 252.823, 252.933, 253.045, 253.156, 253.267, 253.379, 
    253.491, 253.603, 253.714, 253.827, 253.94, 254.052, 254.165, 254.279, 
    254.392, 254.506, 254.62, 254.733, 254.847, 254.962, 255.077, 255.191, 
    255.306, 255.422, 255.537, 255.653, 255.769, 255.885, 256.001, 256.117, 
    256.234, 256.351, 256.468, 256.585, 256.703, 256.82, 256.938, 257.057, 
    257.176, 257.294, 257.413, 257.532, 257.651, 257.77, 257.89, 258.01, 
    258.13, 258.25, 258.37, 258.492, 258.613, 258.734, 258.855, 258.977, 
    259.099, 259.221, 259.344, 259.466, 259.589, 259.712, 259.835, 259.959, 
    260.083, 260.207, 260.331, 260.455, 260.58, 260.705, 260.83, 260.956, 
    261.081, 261.206, 261.334, 261.459, 261.586, 261.713, 261.84, 261.967, 
    262.095, 262.223, 262.351, 262.479, 262.608, 262.736, 262.866, 262.995, 
    263.125, 263.254, 263.384, 263.514, 263.645, 263.775, 263.907, 264.037, 
    264.168, 264.301, 264.433, 264.565, 264.698, 264.83, 264.964, 265.098, 
    265.231, 265.364, 265.498, 265.633, 265.768, 265.902, 266.038, 266.173, 
    266.309, 266.444, 266.581, 266.718, 266.854, 266.992, 267.129, 267.266, 
    267.405, 267.542, 267.681, 267.819, 267.958, 268.097, 268.237, 268.377, 
    268.517, 268.657, 268.798, 268.939, 269.081, 269.222, 269.364, 269.505, 
    269.649, 269.791, 269.933, 270.076, 270.221, 270.363, 270.508, 270.652, 
    270.797, 270.943, 271.088, 271.233, 271.38, 271.525, 271.671, 271.818, 
    271.966, 272.113, 272.261, 272.409, 272.557, 272.707, 272.854, 273.004, 
    273.153, 273.304, 273.453, 273.604, 273.755, 273.906, 274.057, 274.209, 
    274.361, 274.514, 274.666, 274.82, 274.973, 275.126, 275.281, 275.435, 
    275.59, 275.744, 275.899, 276.056, 276.211, 276.368, 276.525, 276.681, 
    276.839, 276.996, 277.154, 277.312, 277.471, 277.63, 277.79, 277.95, 
    278.11, 278.271, 278.432, 278.592, 278.754, 278.916, 279.077, 279.24, 
    279.403, 279.567, 279.73, 279.894, 280.059, 280.223, 280.388, 280.554, 
    280.719, 280.885, 281.052, 281.219, 281.386, 281.553, 281.722, 281.89, 
    282.059, 282.229, 282.397, 282.566, 282.737, 282.908, 283.08, 283.251, 
    283.423, 283.595, 283.767, 283.94, 284.113, 284.288, 284.462, 284.636, 
    284.811, 284.987, 285.163, 285.339, 285.515, 285.692, 285.87, 286.047, 
    286.226, 286.405, 286.583, 286.762, 286.943, 287.123, 287.304, 287.485, 
    287.667, 287.848, 288.031, 288.214, 288.397, 288.58, 288.765, 288.949, 
    289.134, 289.319, 289.505, 289.692, 289.879, 290.066, 290.253, 290.441, 
    290.63, 290.818, 291.008, 291.197, 291.389, 291.579, 291.77, 291.962, 
    292.155, 292.347, 292.54, 292.734, 292.928, 293.122, 293.317, 293.512, 
    293.709, 293.905, 294.102, 294.299, 294.498, 294.695, 294.895, 295.094, 
    295.294, 295.494, 295.694, 295.896, 296.098, 296.301, 296.502, 296.706, 
    296.911, 297.115, 297.319, 297.524, 297.731, 297.936, 298.143, 298.351, 
    298.558, 298.767, 298.976, 299.186, 299.396, 299.606, 299.817, 300.029, 
    300.242, 300.454, 300.668, 300.881, 301.096, 301.311, 301.526, 301.743, 
    301.96, 302.176, 302.394, 302.612, 302.831, 303.051, 303.271, 303.492, 
    303.712, 303.935, 304.157, 304.379, 304.603, 304.827, 305.051, 305.277, 
    305.503, 305.73, 305.956, 306.184, 306.413, 306.642, 306.871, 307.101, 
    307.332, 307.564, 307.795, 308.029, 308.261, 308.495, 308.73, 308.965, 
    309.201, 309.436, 309.673, 309.911, 310.15, 310.389, 310.629, 310.87, 
    311.111, 311.351, 311.511, 311.698, 311.87, 312.054, 312.231, 312.412, 
    312.594, 312.77, 312.957, 313.133, 313.321, 313.498, 313.685, 313.863, 
    314.051, 314.232, 314.416, 314.604, 314.784, 314.975, 315.157, 315.343, 
    315.533, 315.714, 315.903, 316.095, 316.278, 316.466, 316.661, 316.848, 
    317.032, 317.226, 317.421, 317.61, 317.799, 317.987, 318.181, 318.377, 
    318.57, 318.765, 318.958, 319.151, 319.344, 319.539, 319.733, 319.93, 
    320.125, 320.323, 320.52, 320.72, 320.918, 321.116, 321.313, 321.509, 
    321.709, 321.91, 322.113, 322.315, 322.512, 322.714, 322.921, 323.121, 
    323.322, 323.531, 323.732, 323.935, 324.142, 324.345, 324.555, 324.757, 
    324.969, 325.172, 325.382, 325.587, 325.797, 326.008, 326.214, 326.427, 
    326.638, 326.847, 327.058, 327.272, 327.485, 327.697, 327.909, 328.124, 
    328.337, 328.55, 328.767, 328.983, 329.199, 329.416, 329.633, 329.853, 
    330.071, 330.29, 330.508, 330.728, 330.95, 331.171, 331.391, 331.614, 
    331.836, 332.058, 332.282, 332.505, 332.731, 332.955, 333.179, 333.407, 
    333.635, 333.86, 334.088, 334.315, 334.543, 334.773, 335.003, 335.233, 
    335.466, 335.696, 335.927, 336.161, 336.393, 336.627, 336.861, 337.097, 
    337.332, 337.567, 337.803, 338.041, 338.28, 338.516, 338.757, 338.994, 
    339.235, 339.474, 339.716, 339.955, 340.2, 340.444, 340.685, 340.931, 
    341.176, 341.421, 341.667, 341.91, 342.158, 342.406, 342.655, 342.902, 
    343.153, 343.405, 343.654, 343.905, 344.155, 344.41, 344.663, 344.915, 
    345.172, 345.427, 345.683, 345.939, 346.197, 346.452, 346.712, 346.972, 
    347.228, 347.489, 347.753, 348.015, 348.277, 348.538, 348.802, 349.067, 
    349.332, 349.598, 349.867, 350.133, 350.399, 350.667, 350.938, 351.208, 
    351.476, 351.751, 352.021, 352.295, 352.567, 352.841, 353.118, 353.389, 
    353.667, 353.947, 354.224, 354.501, 354.779, 355.059, 355.341, 355.622, 
    355.906, 356.188, 356.473, 356.756, 357.043, 357.326, 357.616, 357.903, 
    358.19, 358.481, 358.771, 359.062, 359.352, 359.644, 359.937, 360.231, 
    360.526, 360.82, 361.12, 361.415, 361.714, 362.012, 362.313, 362.613, 
    362.914, 363.216, 363.518, 363.823, 364.129, 364.432, 364.739, 365.046, 
    365.356, 365.664, 365.975, 366.284, 366.594, 366.908, 367.223, 367.539, 
    367.85, 368.168, 368.481, 368.801, 369.121, 369.442, 369.764, 370.084, 
    370.407, 370.729, 371.055, 371.378, 371.706, 372.032, 372.362, 372.687, 
    373.019, 373.351, 373.682, 374.016, 374.349, 374.685, 375.022, 375.36, 
    375.696, 376.033, 376.376, 376.716, 377.057, 377.4, 377.743, 378.09, 
    378.437, 378.785, 379.129, 379.48, 379.83, 380.184, 380.534, 380.887, 
    381.241, 381.598, 381.954, 382.314, 382.671, 383.031, 383.393, 383.755, 
    384.119, 384.484, 384.849, 385.216, 385.584, 385.954, 386.323, 386.694, 
    387.067, 387.442, 387.816, 388.194, 388.569, 388.949, 389.328, 389.707, 
    390.09, 390.476, 390.859, 391.245, 391.629, 392.02, 392.41, 392.803, 
    393.194, 393.588, 393.979, 394.377, 394.776, 395.173, 395.575, 395.974, 
    396.378, 396.779, 397.183, 397.592, 398.002, 398.409, 398.82, 399.231, 
    399.645, 400.06, 400.476, 400.893, 401.312, 401.734, 402.155, 402.577, 
    403.002, 403.429, 403.855, 404.284, 404.714, 405.147, 405.581, 406.014, 
    406.451, 406.887, 407.33, 407.77, 408.213, 408.654, 409.1, 409.547, 
    409.995, 410.446, 410.903, 411.353, 411.811, 412.266, 412.724, 413.182, 
    413.645, 414.109, 414.57, 415.039, 415.507, 415.977, 416.45, 416.922, 
    417.396, 417.873, 418.353, 418.83, 419.313, 419.796, 420.281, 420.77, 
    421.258, 421.748, 422.242, 422.737, 423.232, 423.73, 424.231, 424.733, 
    425.237, 425.742, 426.253, 426.761, 427.269, 427.784, 428.296, 428.816, 
    429.336, 429.857, 430.379, 430.904, 431.434, 431.964, 432.493, 433.027, 
    433.563, 434.098, 434.639, 435.179, 435.723, 436.269, 436.814, 437.368, 
    437.92, 438.476, 439.032, 439.59, 440.151, 440.715, 441.281, 441.849, 
    442.416, 442.994, 443.567, 444.142, 444.722, 445.307, 445.888, 446.473, 
    447.062, 447.658, 448.252, 448.847, 449.447, 450.046, 450.651, 451.258, 
    451.863, 452.478, 453.092, 453.707, 454.328, 454.95, 455.571, 456.199, 
    456.827, 457.458, 458.096, 458.731, 459.374, 460.016, 460.659, 461.311, 
    461.961, 462.618, 463.28, 463.931, 464.596, 465.265, 465.934, 466.604, 
    467.279, 467.957, 468.637, 469.317, 470.006, 470.699, 471.39, 472.082, 
    472.789, 473.485, 474.196, 474.9, 475.61, 476.325, 477.042, 477.766, 
    478.49, 479.213, 479.951, 480.687, 481.423, 482.165, 482.911, 483.66, 
    484.411, 485.165, 485.924, 486.691, 487.455, 488.222, 488.999, 489.776, 
    490.553, 491.335, 492.129, 492.922, 493.72, 494.522, 495.322, 496.131, 
    496.94, 497.755, 498.577, 499.399, 500.228, 501.058, 501.899, 502.734, 
    503.574, 504.431, 505.281, 506.135, 506.998, 507.862, 508.728, 509.602, 
    510.485, 511.367, 512.258, 513.147, 514.041, 514.941, 515.85, 516.761, 
    517.681, 518.6, 519.519, 520.45, 521.385, 522.327, 523.267, 524.217, 
    525.168, 526.133, 527.093, 528.061, 529.033, 530.015, 531.001, 531.993, 
    532.991, 533.988, 534.993, 536.01, 537.021, 538.045, 539.077, 540.106, 
    541.149, 542.189, 543.239, 544.3, 545.365, 546.435, 547.503, 548.59, 
    549.668, 550.767, 551.859, 552.971, 554.083, 555.205, 556.318, 557.451, 
    558.586, 559.729, 560.884, 562.033, 563.208, 564.371, 565.545, 566.726, 
    567.919, 569.12, 570.324, 571.534, 572.748, 573.974, 575.203, 576.45, 
    577.7, 578.955, 580.217, 581.483, 582.765, 584.05, 585.337, 586.641, 
    587.951, 589.259, 590.584, 591.922, 593.267, 594.606, 595.971, 597.322, 
    598.703, 600.085, 601.485, 602.882, 604.28, 605.7, 607.132, 608.557, 
    610.005, 611.459, 612.91, 614.396, 615.874, 617.35, 618.85, 620.36, 
    621.883, 623.406, 624.943, 626.49, 628.042, 629.612, 631.193, 632.776, 
    634.375, 635.99, 637.602, 639.236, 640.876, 642.519, 644.177, 645.849, 
    647.531, 649.23, 650.926, 652.644, 654.365, 656.12, 657.866, 659.618, 
    661.394, 663.183, 664.977, 666.779, 668.609, 670.431, 672.273, 674.128, 
    675.994, 677.893, 679.779, 681.686, 683.606, 685.531, 687.476, 689.441, 
    691.413, 693.386, 695.39, 697.398, 699.43, 701.466, 703.514, 705.574, 
    707.658, 709.751, 711.86, 713.97, 716.105, 718.276, 720.428, 722.605, 
    724.795, 727.011, 729.217, 731.47, 733.724, 735.991, 738.27, 740.571, 
    742.88, 745.208, 747.555, 749.917, 752.289, 754.67, 757.088, 759.504, 
    761.95, 764.401, 766.872, 769.335, 771.858, 774.378, 776.91, 779.468, 
    782.03, 784.611, 787.224, 789.841, 792.476, 795.111, 797.794, 800.478, 
    803.186, 805.903, 808.636, 811.391, 814.156, 816.936, 819.733, 822.559, 
    825.404, 828.262, 831.132, 834.019, 836.93, 839.847, 842.813, 845.766, 
    848.736, 851.737, 854.727, 857.779, 860.815, 863.886, 866.958, 870.053, 
    873.182, 876.309, 879.46, 882.631, 885.81, 889.01, 892.227, 895.453, 
    898.716, 901.977, 905.266, 908.565, 911.876, 915.203, 918.563, 921.948, 
    925.31, 928.711, 932.122, 935.564, 939.008, 942.466, 945.954, 949.435, 
    951.043, 954.553, 958.053, 961.603, 965.166, 968.752, 972.331, 975.936, 
    979.554, 983.177, 986.831, 990.5, 994.166, 997.858, 1001.575, 1005.277, 
    1009.016, 1012.759, 1016.498, 1020.256, 1024.038, 1027.827, 1031.641, 
    1035.439, 1039.269, 1043.093, 1046.978, 1050.83, 1054.682, 1058.569, 
    1062.471, 1066.366, 1070.264, 1074.208, 1078.117, 1082.052, 1085.998, 
    1089.952, 1093.954, 1097.915, 1101.901, 1105.893, 1109.881, 1113.887, 
    1117.919, 1121.942, 1125.949, 1129.999, 1134.038, 1138.101, 1142.155, 
    1146.211, 1150.269, 1154.352, 1158.43, 1162.519, 1166.587, 1170.682, 
    1174.82, 1178.902, 1183.006, 1187.112, 1191.243, 1195.333, 1199.486, 
    1203.614, 1207.742, 1211.869, 1216.01, 1220.141, 1224.282, 1228.43, 
    1232.58, 1236.721, 1240.852, 1245.023, 1249.163, 1253.33, 1257.478, 
    1261.634, 1265.751, 1269.94, 1274.099, 1278.249, 1282.417, 1286.564, 
    1290.715, 1294.89, 1299.044, 1303.2, 1307.329, 1311.506, 1315.659, 
    1319.819, 1323.967, 1328.111, 1332.263, 1336.401, 1340.535, 1344.668, 
    1348.815, 1352.964, 1357.103, 1361.233, 1365.361, 1369.494, 1373.61, 
    1377.768, 1381.88, 1385.99, 1390.115, 1394.199, 1398.341, 1402.434, 
    1406.547, 1410.636, 1414.73, 1418.84, 1422.923, 1427.011, 1431.1, 
    1435.173, 1439.247, 1443.317, 1447.373, 1451.45, 1455.502, 1459.56, 
    1463.608, 1467.646, 1471.678, 1475.727, 1479.781, 1483.784, 1487.811, 
    1491.824, 1495.85, 1499.856, 1503.856, 1507.866, 1511.847, 1515.837, 
    1519.834, 1523.801, 1527.791, 1531.755, 1535.712, 1539.692, 1543.611, 
    1547.603, 1551.537, 1555.471, 1559.41, 1563.321, 1567.251, 1571.172, 
    1575.081, 1578.998, 1582.908, 1586.784, 1590.684, 1594.578, 1598.469, 
    1602.333, 1606.202, 1610.052, 1613.916, 1617.785, 1626.748, 1634.511, 
    1642.236, 1649.938, 1657.633, 1665.292, 1672.936, 1680.559, 1688.159, 
    1695.731, 1703.277, 1710.796, 1718.324, 1725.775, 1733.24, 1740.662, 
    1748.081, 1755.47, 1762.827, 1770.183, 1777.504, 1784.793, 1792.075, 
    1799.315, 1806.559, 1813.74, 1820.925, 1828.096, 1835.222, 1842.333, 
    1846.259, 1849.418, 1853.338, 1860.395, 1867.415, 1874.438, 1881.428, 
    1888.396, 1895.329, 1902.264, 1909.154, 1916.049, 1922.903, 1929.746, 
    1936.562, 1943.358, 1950.14, 1956.883, 1963.639, 1970.347, 1977.043, 
    1983.721, 1990.371, 1997.005, 2003.615, 2010.202, 2016.798, 2023.342, 
    2029.867, 2036.382, 2042.88, 2049.353, 2055.817, 2062.248, 2068.67, 
    2075.055, 2081.449, 2087.804, 2094.148, 2100.475, 2106.779, 2113.06, 
    2119.328, 2125.568, 2131.813, 2136.569, 2138.012, 2142.768, 2148.948, 
    2155.111, 2161.243, 2167.38, 2173.499, 2179.575, 2185.66, 2191.724, 
    2197.768, 2203.795, 2209.803, 2215.799, 2221.767, 2227.714, 2233.665, 
    2239.599, 2245.502, 2251.408, 2257.286, 2263.142, 2268.984, 2274.817, 
    2280.64, 2286.443, 2292.222, 2298.004, 2303.754, 2309.486, 2315.218, 
    2320.923, 2326.618, 2332.289, 2337.957, 2343.6, 2349.235, 2354.85, 
    2360.466, 2366.045, 2371.614, 2377.185, 2382.716, 2388.265, 2393.784, 
    2399.011, 2402.5, 2407.5, 2412.5, 2417.5, 2422.5, 2427.5, 2432.5, 2437.5, 
    2442.5, 2447.5, 2452.5, 2457.5, 2462.5, 2467.5, 2472.5, 2477.5, 2482.5, 
    2487.5, 2492.5, 2497.5, 2502.5, 2507.5, 2512.5, 2517.5, 2522.5, 2527.5, 
    2532.5, 2537.5, 2542.5, 2547.5, 2552.5, 2557.5, 2562.5, 2567.5, 2572.5, 
    2577.5, 2582.5, 2587.5, 2592.5, 2597.5, 2602.5, 2607.5, 2612.5, 2617.5, 
    2622.5, 2627.5, 2632.5, 2637.5, 2642.5, 2647.5, 2652.5, 2657.5, 2662.5, 
    2667.5, 2672.5, 2677.5, 2682.5, 2687.5, 2692.5, 2697.5, 2702.5, 2707.5, 
    2712.5, 2717.5, 2722.5, 2727.5, 2732.5, 2737.5, 2742.5, 2747.5, 2752.5, 
    2757.5, 2762.5, 2767.5, 2772.5, 2777.5, 2782.5, 2787.5, 2792.5, 2797.5, 
    2802.5, 2807.5, 2812.5, 2817.5, 2822.5, 2827.5, 2832.5, 2837.5, 2842.5, 
    2847.5, 2852.5, 2857.5, 2862.5, 2867.5, 2872.5, 2877.5, 2882.5, 2887.5, 
    2892.5, 2897.5, 2902.5, 2907.5, 2912.5, 2917.5, 2922.5, 2927.5, 2932.5, 
    2937.5, 2942.5, 2947.5, 2952.5, 2957.5, 2962.5, 2967.5, 2972.5, 2977.5, 
    2982.5, 2987.5, 2992.5, 2997.5, 3002.5, 3007.5, 3012.5, 3017.5, 3022.5, 
    3027.5, 3032.5, 3037.5, 3042.5, 3047.5, 3052.5, 3057.5, 3062.5, 3067.5, 
    3072.5, 3077.5, 3082.5, 3087.5, 3092.5, 3097.5, 3102.5, 3107.5, 3112.5, 
    3117.5, 3122.5, 3127.5, 3132.5, 3137.5, 3142.5, 3147.5, 3152.5, 3157.5, 
    3162.5, 3167.5, 3172.5, 3177.5, 3182.5, 3187.5, 3192.5, 3197.5, 3202.5, 
    3207.5, 3212.5, 3217.5, 3222.5, 3227.5, 3232.5, 3237.5, 3242.5, 3247.5, 
    3252.5, 3257.5, 3262.5, 3267.5, 3272.5, 3277.5, 3282.5, 3287.5, 3292.5, 
    3297.5, 3302.5, 3307.5, 3312.5, 3317.5, 3322.5, 3327.5, 3332.5, 3337.5, 
    3342.5, 3347.5, 3352.5, 3357.5, 3362.5, 3367.5, 3372.5, 3377.5, 3382.5, 
    3387.5, 3392.5, 3397.5, 3402.5, 3407.5, 3412.5, 3417.5, 3422.5, 3427.5, 
    3432.5, 3437.5, 3442.5, 3447.5, 3452.5, 3457.5, 3462.5, 3467.5, 3472.5, 
    3477.5, 3482.5, 3487.5, 3492.5, 3497.5, 3502.5, 3507.5, 3512.5, 3517.5, 
    3522.5, 3527.5, 3532.5, 3537.5, 3542.5, 3547.5, 3552.5, 3557.5, 3562.5, 
    3567.5, 3572.5, 3577.5, 3582.5, 3587.5, 3592.5, 3597.5, 3602.5, 3607.5, 
    3612.5, 3617.5, 3622.5, 3627.5, 3632.5, 3637.5, 3642.5, 3647.5, 3652.5, 
    3657.5, 3662.5, 3667.5, 3672.5, 3677.5, 3682.5, 3687.5, 3692.5, 3697.5, 
    3702.5, 3707.5, 3712.5, 3717.5, 3722.5, 3727.5, 3732.5, 3737.5, 3742.5, 
    3747.5, 3752.5, 3757.5, 3762.5, 3767.5, 3772.5, 3777.5, 3782.5, 3787.5, 
    3792.5, 3797.5, 3802.5, 3807.5, 3812.5, 3817.5, 3822.5, 3827.5, 3832.5, 
    3837.5, 3842.5, 3847.5, 3852.5, 3857.5, 3862.5, 3867.5, 3872.5, 3877.5, 
    3882.5, 3887.5, 3892.5, 3897.5, 3902.5, 3907.5, 3912.5, 3917.5, 3922.5, 
    3927.5, 3932.5, 3937.5, 3942.5, 3947.5, 3952.5, 3957.5, 3962.5, 3967.5, 
    3972.5, 3977.5, 3982.5, 3987.5, 3992.5, 3997.5, 4002.5, 4007.5, 4012.5, 
    4017.5, 4022.5, 4027.5, 4032.5, 4037.5, 4042.5, 4047.5, 4052.5, 4057.5, 
    4062.5, 4067.5, 4072.5, 4077.5, 4082.5, 4087.5, 4092.5, 4097.5, 4102.5, 
    4107.5, 4112.5, 4117.5, 4122.5, 4127.5, 4132.5, 4137.5, 4142.5, 4147.5, 
    4152.5, 4157.5, 4162.5, 4167.5, 4172.5, 4177.5, 4182.5, 4187.5, 4192.5, 
    4197.5, 4202.5, 4207.5, 4212.5, 4217.5, 4222.5, 4227.5, 4232.5, 4237.5, 
    4242.5, 4247.5, 4252.5, 4257.5, 4262.5, 4267.5, 4272.5, 4277.5, 4282.5, 
    4287.5, 4292.5, 4297.5, 4302.5, 4307.5, 4312.5, 4317.5, 4322.5, 4327.5, 
    4332.5, 4337.5, 4342.5, 4347.5, 4352.5, 4357.5, 4362.5, 4367.5, 4372.5, 
    4377.5, 4382.5, 4387.5, 4392.5, 4397.5, 4402.5, 4407.5, 4412.5, 4417.5, 
    4422.5, 4427.5, 4432.5, 4437.5, 4442.5, 4447.5, 4452.5, 4457.5, 4462.5, 
    4467.5, 4472.5, 4477.5, 4482.5, 4487.5, 4492.5, 4497.5, 4502.5, 4507.5, 
    4512.5, 4517.5, 4522.5, 4527.5, 4532.5, 4537.5, 4542.5, 4547.5, 4552.5, 
    4557.5, 4562.5, 4567.5, 4572.5, 4577.5, 4582.5, 4587.5, 4592.5, 4597.5, 
    4602.5, 4607.5, 4612.5, 4617.5, 4622.5, 4627.5, 4632.5, 4637.5, 4642.5, 
    4647.5, 4652.5, 4657.5, 4662.5, 4667.5, 4672.5, 4677.5, 4682.5, 4687.5, 
    4692.5, 4697.5, 4702.5, 4707.5, 4712.5, 4717.5, 4722.5, 4727.5, 4732.5, 
    4737.5, 4742.5, 4747.5, 4752.5, 4757.5, 4762.5, 4767.5, 4772.5, 4777.5, 
    4782.5, 4787.5, 4792.5, 4797.5, 4802.5, 4807.5, 4812.5, 4817.5, 4822.5, 
    4827.5, 4832.5, 4837.5, 4842.5, 4847.5, 4852.5, 4857.5, 4862.5, 4867.5, 
    4872.5, 4877.5, 4882.5, 4887.5, 4892.5, 4897.5, 4902.5, 4907.5, 4912.5, 
    4917.5, 4922.5, 4927.5, 4932.5, 4937.5, 4942.5, 4947.5, 4952.5, 4957.5, 
    4962.5, 4967.5, 4972.5, 4977.5, 4982.5, 4987.5, 4992.5, 4997.5, 5005, 
    5015, 5025, 5035, 5045, 5055, 5065, 5075, 5085, 5095, 5105, 5115, 5125, 
    5135, 5145, 5155, 5165, 5175, 5185, 5195, 5205, 5215, 5225, 5235, 5245, 
    5255, 5265, 5275, 5285, 5295, 5305, 5315, 5325, 5335, 5345, 5355, 5365, 
    5375, 5385, 5395, 5405, 5415, 5425, 5435, 5445, 5455, 5465, 5475, 5485, 
    5495, 5505, 5515, 5525, 5535, 5545, 5555, 5565, 5575, 5585, 5595, 5605, 
    5615, 5625, 5635, 5645, 5655, 5665, 5675, 5685, 5695, 5705, 5715, 5725, 
    5735, 5745, 5755, 5765, 5775, 5785, 5795, 5805, 5815, 5825, 5835, 5845, 
    5855, 5865, 5875, 5885, 5895, 5905, 5915, 5925, 5935, 5945, 5955, 5965, 
    5975, 5985, 5995, 6005, 6015, 6025, 6035, 6045, 6055, 6065, 6075, 6085, 
    6095, 6105, 6115, 6125, 6135, 6145, 6155, 6165, 6175, 6185, 6195, 6205, 
    6215, 6225, 6235, 6245, 6255, 6265, 6275, 6285, 6295, 6305, 6315, 6325, 
    6335, 6345, 6355, 6365, 6375, 6385, 6395, 6405, 6415, 6425, 6435, 6445, 
    6455, 6465, 6475, 6485, 6495, 6505, 6515, 6525, 6535, 6545, 6555, 6565, 
    6575, 6585, 6595, 6605, 6615, 6625, 6635, 6645, 6655, 6665, 6675, 6685, 
    6695, 6705, 6715, 6725, 6735, 6745, 6755, 6765, 6775, 6785, 6795, 6805, 
    6815, 6825, 6835, 6845, 6855, 6865, 6875, 6885, 6895, 6905, 6915, 6925, 
    6935, 6945, 6955, 6965, 6975, 6985, 6995, 7005, 7015, 7025, 7035, 7045, 
    7055, 7065, 7075, 7085, 7095, 7105, 7115, 7125, 7135, 7145, 7155, 7165, 
    7175, 7185, 7195, 7205, 7215, 7225, 7235, 7245, 7255, 7265, 7275, 7285, 
    7295, 7305, 7315, 7325, 7335, 7345, 7355, 7365, 7375, 7385, 7395, 7405, 
    7415, 7425, 7435, 7445, 7455, 7465, 7475, 7485, 7495, 7505, 7515, 7525, 
    7535, 7545, 7555, 7565, 7575, 7585, 7595, 7605, 7615, 7625, 7635, 7645, 
    7655, 7665, 7675, 7685, 7695, 7705, 7715, 7725, 7735, 7745, 7755, 7765, 
    7775, 7785, 7795, 7805, 7815, 7825, 7835, 7845, 7855, 7865, 7875, 7885, 
    7895, 7905, 7915, 7925, 7935, 7945, 7955, 7965, 7975, 7985, 7995, 8005, 
    8015, 8025, 8035, 8045, 8055, 8065, 8075, 8085, 8095, 8105, 8115, 8125, 
    8135, 8145, 8155, 8165, 8175, 8185, 8195, 8205, 8215, 8225, 8235, 8245, 
    8255, 8265, 8275, 8285, 8295, 8305, 8315, 8325, 8335, 8345, 8355, 8365, 
    8375, 8385, 8395, 8405, 8415, 8425, 8435, 8445, 8455, 8465, 8475, 8485, 
    8495, 8505, 8515, 8525, 8535, 8545, 8555, 8565, 8575, 8585, 8595, 8605, 
    8615, 8625, 8635, 8645, 8655, 8665, 8675, 8685, 8695, 8705, 8715, 8725, 
    8735, 8745, 8755, 8765, 8775, 8785, 8795, 8805, 8815, 8825, 8835, 8845, 
    8855, 8865, 8875, 8885, 8895, 8905, 8915, 8925, 8935, 8945, 8955, 8965, 
    8975, 8985, 8995, 9005, 9015, 9025, 9035, 9045, 9055, 9065, 9075, 9085, 
    9095, 9105, 9115, 9125, 9135, 9145, 9155, 9165, 9175, 9185, 9195, 9205, 
    9215, 9225, 9235, 9245, 9255, 9265, 9275, 9285, 9295, 9305, 9315, 9325, 
    9335, 9345, 9355, 9365, 9375, 9385, 9395, 9405, 9415, 9425, 9435, 9445, 
    9455, 9465, 9475, 9485, 9495, 9505, 9515, 9525, 9535, 9545, 9555, 9565, 
    9575, 9585, 9595, 9605, 9615, 9625, 9635, 9645, 9655, 9665, 9675, 9685, 
    9695, 9705, 9715, 9725, 9735, 9745, 9755, 9765, 9775, 9785, 9795, 9805, 
    9815, 9825, 9835, 9845, 9855, 9865, 9875, 9885, 9895, 9905, 9915, 9925, 
    9935, 9945, 9955, 9965, 9975, 9985, 9995, 10025, 10075, 10125, 10175, 
    10225, 10275, 10325, 10375, 10425, 10475, 10525, 10575, 10625, 10675, 
    10725, 10775, 10825, 10875, 10925, 10975, 11025, 11075, 11125, 11175, 
    11225, 11275, 11325, 11375, 11425, 11475, 11525, 11575, 11625, 11675, 
    11725, 11775, 11825, 11875, 11925, 11975, 12025, 12075, 12125, 12175, 
    12225, 12275, 12325, 12375, 12425, 12475, 12525, 12575, 12625, 12675, 
    12725, 12775, 12825, 12875, 12925, 12975, 13025, 13075, 13125, 13175, 
    13225, 13275, 13325, 13375, 13425, 13475, 13525, 13575, 13625, 13675, 
    13725, 13775, 13825, 13875, 13925, 13975, 14025, 14075, 14125, 14175, 
    14225, 14275, 14325, 14375, 14425, 14475, 14525, 14575, 14625, 14675, 
    14725, 14775, 14825, 14875, 14925, 14975, 15025, 15075, 15125, 15175, 
    15225, 15275, 15325, 15375, 15425, 15475, 15525, 15575, 15625, 15675, 
    15725, 15775, 15825, 15875, 15925, 15975, 16025, 16075, 16125, 16175, 
    16225, 16275, 16325, 16375, 16425, 16475, 16525, 16575, 16625, 16675, 
    16725, 16775, 16825, 16875, 16925, 16975, 17025, 17075, 17125, 17175, 
    17225, 17275, 17325, 17375, 17425, 17475, 17525, 17575, 17625, 17675, 
    17725, 17775, 17825, 17875, 17925, 17975, 18025, 18075, 18125, 18175, 
    18225, 18275, 18325, 18375, 18425, 18475, 18525, 18575, 18625, 18675, 
    18725, 18775, 18825, 18875, 18925, 18975, 19025, 19075, 19125, 19175, 
    19225, 19275, 19325, 19375, 19425, 19475, 19525, 19575, 19625, 19675, 
    19725, 19775, 19825, 19875, 19925, 19975, 20025, 20075, 20125, 20175, 
    20225, 20275, 20325, 20375, 20425, 20475, 20525, 20575, 20625, 20675, 
    20725, 20775, 20825, 20875, 20925, 20975, 21025, 21075, 21125, 21175, 
    21225, 21275, 21325, 21375, 21425, 21475, 21525, 21575, 21625, 21675, 
    21725, 21775, 21825, 21875, 21925, 21975, 22025, 22075, 22125, 22175, 
    22225, 22275, 22325, 22375, 22425, 22475, 22525, 22575, 22625, 22675, 
    22725, 22775, 22825, 22875, 22925, 22975, 23025, 23075, 23125, 23175, 
    23225, 23275, 23325, 23375, 23425, 23475, 23525, 23575, 23625, 23675, 
    23725, 23775, 23825, 23875, 23925, 23975, 24025, 24075, 24125, 24175, 
    24225, 24275, 24325, 24375, 24425, 24475, 24525, 24575, 24625, 24675, 
    24725, 24775, 24825, 24875, 24925, 24975, 25025, 25075, 25125, 25175, 
    25225, 25275, 25325, 25375, 25425, 25475, 25525, 25575, 25625, 25675, 
    25725, 25775, 25825, 25875, 25925, 25975, 26025, 26075, 26125, 26175, 
    26225, 26275, 26325, 26375, 26425, 26475, 26525, 26575, 26625, 26675, 
    26725, 26775, 26825, 26875, 26925, 26975, 27025, 27075, 27125, 27175, 
    27225, 27275, 27325, 27375, 27425, 27475, 27525, 27575, 27625, 27675, 
    27725, 27775, 27825, 27875, 27925, 27975, 28025, 28075, 28125, 28175, 
    28225, 28275, 28325, 28375, 28425, 28475, 28525, 28575, 28625, 28675, 
    28725, 28775, 28825, 28875, 28925, 28975, 29025, 29075, 29125, 29175, 
    29225, 29275, 29325, 29375, 29425, 29475, 29525, 29575, 29625, 29675, 
    29725, 29775, 29825, 29875, 29925, 29975, 30025, 30075, 30125, 30175, 
    30225, 30275, 30325, 30375, 30425, 30475, 30525, 30575, 30625, 30675, 
    30725, 30775, 30825, 30875, 30925, 30975, 31025, 31075, 31125, 31175, 
    31225, 31275, 31325, 31375, 31425, 31475, 31525, 31575, 31625, 31675, 
    31725, 31775, 31825, 31875, 31925, 31975, 32025, 32075, 32125, 32175, 
    32225, 32275, 32325, 32375, 32425, 32475, 32525, 32575, 32625, 32675, 
    32725, 32775, 32825, 32875, 32925, 32975, 33025, 33075, 33125, 33175, 
    33225, 33275, 33325, 33375, 33425, 33475, 33525, 33575, 33625, 33675, 
    33725, 33775, 33825, 33875, 33925, 33975, 34025, 34075, 34125, 34175, 
    34225, 34275, 34325, 34375, 34425, 34475, 34525, 34575, 34625, 34675, 
    34725, 34775, 34825, 34875, 34925, 34975, 35025, 35075, 35125, 35175, 
    35225, 35275, 35325, 35375, 35425, 35475, 35525, 35575, 35625, 35675, 
    35725, 35775, 35825, 35875, 35925, 35975, 36025, 36075, 36125, 36175, 
    36225, 36275, 36325, 36375, 36425, 36475, 36525, 36575, 36625, 36675, 
    36725, 36775, 36825, 36875, 36925, 36975, 37025, 37075, 37125, 37175, 
    37225, 37275, 37325, 37375, 37425, 37475, 37525, 37575, 37625, 37675, 
    37725, 37775, 37825, 37875, 37925, 37975, 38025, 38075, 38125, 38175, 
    38225, 38275, 38325, 38375, 38425, 38475, 38525, 38575, 38625, 38675, 
    38725, 38775, 38825, 38875, 38925, 38975, 39025, 39075, 39125, 39175, 
    39225, 39275, 39325, 39375, 39425, 39475, 39525, 39575, 39625, 39675, 
    39725, 39775, 39825, 39875, 39925, 39975, 40025, 40075, 40125, 40175, 
    40225, 40275, 40325, 40375, 40425, 40475, 40525, 40575, 40625, 40675, 
    40725, 40775, 40825, 40875, 40925, 40975, 41025, 41075, 41125, 41175, 
    41225, 41275, 41325, 41375, 41425, 41475, 41525, 41575, 41625, 41675, 
    41725, 41775, 41825, 41875, 41925, 41975, 42025, 42075, 42125, 42175, 
    42225, 42275, 42325, 42375, 42425, 42475, 42525, 42575, 42625, 42675, 
    42725, 42775, 42825, 42875, 42925, 42975, 43025, 43075, 43125, 43175, 
    43225, 43275, 43325, 43375, 43425, 43475, 43525, 43575, 43625, 43675, 
    43725, 43775, 43825, 43875, 43925, 43975, 44025, 44075, 44125, 44175, 
    44225, 44275, 44325, 44375, 44425, 44475, 44525, 44575, 44625, 44675, 
    44725, 44775, 44825, 44875, 44925, 44975, 45025, 45075, 45125, 45175, 
    45225, 45275, 45325, 45375, 45425, 45475, 45525, 45575, 45625, 45675, 
    45725, 45775, 45825, 45875, 45925, 45975, 46025, 46075, 46125, 46175, 
    46225, 46275, 46325, 46375, 46425, 46475, 46525, 46575, 46625, 46675, 
    46725, 46775, 46825, 46875, 46925, 46975, 47025, 47075, 47125, 47175, 
    47225, 47275, 47325, 47375, 47425, 47475, 47525, 47575, 47625, 47675, 
    47725, 47775, 47825, 47875, 47925, 47975, 48025, 48075, 48125, 48175, 
    48225, 48275, 48325, 48375, 48425, 48475, 48525, 48575, 48625, 48675, 
    48725, 48775, 48825, 48875, 48925, 48975, 49025, 49075, 49125, 49175, 
    49225, 49275, 49325, 49375, 49425, 49475, 49525, 49575, 49625, 49675, 
    49725, 49775, 49825, 49875, 49925, 49975, 50025, 50075, 50125, 50175, 
    50225, 50275, 50325, 50375, 50425, 50475, 50525, 50575, 50625, 50675, 
    50725, 50775, 50825, 50875, 50925, 50975, 51025, 51075, 51125, 51175, 
    51225, 51275, 51325, 51375, 51425, 51475, 51525, 51575, 51625, 51675, 
    51725, 51775, 51825, 51875, 51925, 51975, 52025, 52075, 52125, 52175, 
    52225, 52275, 52325, 52375, 52425, 52475, 52525, 52575, 52625, 52675, 
    52725, 52775, 52825, 52875, 52925, 52975, 53025, 53075, 53125, 53175, 
    53225, 53275, 53325, 53375, 53425, 53475, 53525, 53575, 53625, 53675, 
    53725, 53775, 53825, 53875, 53925, 53975, 54025, 54075, 54125, 54175, 
    54225, 54275, 54325, 54375, 54425, 54475, 54525, 54575, 54625, 54675, 
    54725, 54775, 54825, 54875, 54925, 54975, 55025, 55075, 55125, 55175, 
    55225, 55275, 55325, 55375, 55425, 55475, 55525, 55575, 55625, 55675, 
    55725, 55775, 55825, 55875, 55925, 55975, 56025, 56075, 56125, 56175, 
    56225, 56275, 56325, 56375, 56425, 56475, 56525, 56575, 56625, 56675, 
    56725, 56775, 56825, 56875, 56925, 56975, 57025, 57075, 57125, 57175, 
    57225, 57275, 57325, 57375, 57425, 57475, 57525, 57575, 57625, 57675, 
    57725, 57775, 57825, 57875, 57925, 57975, 58025, 58075, 58125, 58175, 
    58225, 58275, 58325, 58375, 58425, 58475, 58525, 58575, 58625, 58675, 
    58725, 58775, 58825, 58875, 58925, 58975, 59025, 59075, 59125, 59175, 
    59225, 59275, 59325, 59375, 59425, 59475, 59525, 59575, 59625, 59675, 
    59725, 59775, 59825, 59875, 59925, 59975, 60025, 60075, 60125, 60175, 
    60225, 60275, 60325, 60375, 60425, 60475, 60525, 60575, 60625, 60675, 
    60725, 60775, 60825, 60875, 60925, 60975, 61025, 61075, 61125, 61175, 
    61225, 61275, 61325, 61375, 61425, 61475, 61525, 61575, 61625, 61675, 
    61725, 61775, 61825, 61875, 61925, 61975, 62025, 62075, 62125, 62175, 
    62225, 62275, 62325, 62375, 62425, 62475, 62525, 62575, 62625, 62675, 
    62725, 62775, 62825, 62875, 62925, 62975, 63025, 63075, 63125, 63175, 
    63225, 63275, 63325, 63375, 63425, 63475, 63525, 63575, 63625, 63675, 
    63725, 63775, 63825, 63875, 63925, 63975, 64025, 64075, 64125, 64175, 
    64225, 64275, 64325, 64375, 64425, 64475, 64525, 64575, 64625, 64675, 
    64725, 64775, 64825, 64875, 64925, 64975, 65025, 65075, 65125, 65175, 
    65225, 65275, 65325, 65375, 65425, 65475, 65525, 65575, 65625, 65675, 
    65725, 65775, 65825, 65875, 65925, 65975, 66025, 66075, 66125, 66175, 
    66225, 66275, 66325, 66375, 66425, 66475, 66525, 66575, 66625, 66675, 
    66725, 66775, 66825, 66875, 66925, 66975, 67025, 67075, 67125, 67175, 
    67225, 67275, 67325, 67375, 67425, 67475, 67525, 67575, 67625, 67675, 
    67725, 67775, 67825, 67875, 67925, 67975, 68025, 68075, 68125, 68175, 
    68225, 68275, 68325, 68375, 68425, 68475, 68525, 68575, 68625, 68675, 
    68725, 68775, 68825, 68875, 68925, 68975, 69025, 69075, 69125, 69175, 
    69225, 69275, 69325, 69375, 69425, 69475, 69525, 69575, 69625, 69675, 
    69725, 69775, 69825, 69875, 69925, 69975, 70025, 70075, 70125, 70175, 
    70225, 70275, 70325, 70375, 70425, 70475, 70525, 70575, 70625, 70675, 
    70725, 70775, 70825, 70875, 70925, 70975, 71025, 71075, 71125, 71175, 
    71225, 71275, 71325, 71375, 71425, 71475, 71525, 71575, 71625, 71675, 
    71725, 71775, 71825, 71875, 71925, 71975, 72025, 72075, 72125, 72175, 
    72225, 72275, 72325, 72375, 72425, 72475, 72525, 72575, 72625, 72675, 
    72725, 72775, 72825, 72875, 72925, 72975, 73025, 73075, 73125, 73175, 
    73225, 73275, 73325, 73375, 73425, 73475, 73525, 73575, 73625, 73675, 
    73725, 73775, 73825, 73875, 73925, 73975, 74025, 74075, 74125, 74175, 
    74225, 74275, 74325, 74375, 74425, 74475, 74525, 74575, 74625, 74675, 
    74725, 74775, 74825, 74875, 74925, 74975, 75025, 75075, 75125, 75175, 
    75225, 75275, 75325, 75375, 75425, 75475, 75525, 75575, 75625, 75675, 
    75725, 75775, 75825, 75875, 75925, 75975, 76025, 76075, 76125, 76175, 
    76225, 76275, 76325, 76375, 76425, 76475, 76525, 76575, 76625, 76675, 
    76725, 76775, 76825, 76875, 76925, 76975, 77025, 77075, 77125, 77175, 
    77225, 77275, 77325, 77375, 77425, 77475, 77525, 77575, 77625, 77675, 
    77725, 77775, 77825, 77875, 77925, 77975, 78025, 78075, 78125, 78175, 
    78225, 78275, 78325, 78375, 78425, 78475, 78525, 78575, 78625, 78675, 
    78725, 78775, 78825, 78875, 78925, 78975, 79025, 79075, 79125, 79175, 
    79225, 79275, 79325, 79375, 79425, 79475, 79525, 79575, 79625, 79675, 
    79725, 79775, 79825, 79875, 79925, 79975, 80025, 80075, 80125, 80175, 
    80225, 80275, 80325, 80375, 80425, 80475, 80525, 80575, 80625, 80675, 
    80725, 80775, 80825, 80875, 80925, 80975, 81025, 81075, 81125, 81175, 
    81225, 81275, 81325, 81375, 81425, 81475, 81525, 81575, 81625, 81675, 
    81725, 81775, 81825, 81875, 81925, 81975, 82025, 82075, 82125, 82175, 
    82225, 82275, 82325, 82375, 82425, 82475, 82525, 82575, 82625, 82675, 
    82725, 82775, 82825, 82875, 82925, 82975, 83025, 83075, 83125, 83175, 
    83225, 83275, 83325, 83375, 83425, 83475, 83525, 83575, 83625, 83675, 
    83725, 83775, 83825, 83875, 83925, 83975, 84025, 84075, 84125, 84175, 
    84225, 84275, 84325, 84375, 84425, 84475, 84525, 84575, 84625, 84675, 
    84725, 84775, 84825, 84875, 84925, 84975, 85025, 85075, 85125, 85175, 
    85225, 85275, 85325, 85375, 85425, 85475, 85525, 85575, 85625, 85675, 
    85725, 85775, 85825, 85875, 85925, 85975, 86025, 86075, 86125, 86175, 
    86225, 86275, 86325, 86375, 86425, 86475, 86525, 86575, 86625, 86675, 
    86725, 86775, 86825, 86875, 86925, 86975, 87025, 87075, 87125, 87175, 
    87225, 87275, 87325, 87375, 87425, 87475, 87525, 87575, 87625, 87675, 
    87725, 87775, 87825, 87875, 87925, 87975, 88025, 88075, 88125, 88175, 
    88225, 88275, 88325, 88375, 88425, 88475, 88525, 88575, 88625, 88675, 
    88725, 88775, 88825, 88875, 88925, 88975, 89025, 89075, 89125, 89175, 
    89225, 89275, 89325, 89375, 89425, 89475, 89525, 89575, 89625, 89675, 
    89725, 89775, 89825, 89875, 89925, 89975, 90025, 90075, 90125, 90175, 
    90225, 90275, 90325, 90375, 90425, 90475, 90525, 90575, 90625, 90675, 
    90725, 90775, 90825, 90875, 90925, 90975, 91025, 91075, 91125, 91175, 
    91225, 91275, 91325, 91375, 91425, 91475, 91525, 91575, 91625, 91675, 
    91725, 91775, 91825, 91875, 91925, 91975, 92025, 92075, 92125, 92175, 
    92225, 92275, 92325, 92375, 92425, 92475, 92525, 92575, 92625, 92675, 
    92725, 92775, 92825, 92875, 92925, 92975, 93025, 93075, 93125, 93175, 
    93225, 93275, 93325, 93375, 93425, 93475, 93525, 93575, 93625, 93675, 
    93725, 93775, 93825, 93875, 93925, 93975, 94025, 94075, 94125, 94175, 
    94225, 94275, 94325, 94375, 94425, 94475, 94525, 94575, 94625, 94675, 
    94725, 94775, 94825, 94875, 94925, 94975, 95025, 95075, 95125, 95175, 
    95225, 95275, 95325, 95375, 95425, 95475, 95525, 95575, 95625, 95675, 
    95725, 95775, 95825, 95875, 95925, 95975, 96025, 96075, 96125, 96175, 
    96225, 96275, 96325, 96375, 96425, 96475, 96525, 96575, 96625, 96675, 
    96725, 96775, 96825, 96875, 96925, 96975, 97025, 97075, 97125, 97175, 
    97225, 97275, 97325, 97375, 97425, 97475, 97525, 97575, 97625, 97675, 
    97725, 97775, 97825, 97875, 97925, 97975, 98025, 98075, 98125, 98175, 
    98225, 98275, 98325, 98375, 98425, 98475, 98525, 98575, 98625, 98675, 
    98725, 98775, 98825, 98875, 98925, 98975, 99025, 99075, 99125, 99175, 
    99225, 99275, 99325, 99375, 99425, 99475, 99525, 99575, 99625, 99675, 
    99725, 99775, 99825, 99875, 99925, 99975 ;
}
