netcdf Solar_avg_CESM_control {
dimensions:
	wvl = 3780 ;
	time = UNLIMITED ; // (2 currently)
variables:
	float wvl(wvl) ;
		wvl:longname = "Wavelength center" ;
		wvl:units = "nm" ;
	float ssi(time, wvl) ;
		ssi:longname = "Solar spectral irradiance, multi-year mean (2001-2014)" ;
		ssi:units = "mW/m2/nm" ;
	float tsi(time) ;
		tsi:longname = "Total solar irradiance" ;
		tsi:units = "W/m2" ;
	float band_width(wvl) ;
	float date(time) ;
		date:longname = "current date (YYYYMMDD)" ;

// global attributes:
		:filename = "Solar_avg_CESM_control.nc" ;
		:title = "solar spectral irradiance from spectral_irradiance_Lean_1978-2014_daily_GOME-Mg_Leap_c140412.nc" ;
data:

 wvl = 120.5, 121.5, 122.5, 123.5, 124.5, 125.5, 126.5, 127.5, 128.5, 129.5, 
    130.5, 131.5, 132.5, 133.5, 134.5, 135.5, 136.5, 137.5, 138.5, 139.5, 
    140.5, 141.5, 142.5, 143.5, 144.5, 145.5, 146.5, 147.5, 148.5, 149.5, 
    150.5, 151.5, 152.5, 153.5, 154.5, 155.5, 156.5, 157.5, 158.5, 159.5, 
    160.5, 161.5, 162.5, 163.5, 164.5, 165.5, 166.5, 167.5, 168.5, 169.5, 
    170.5, 171.5, 172.5, 173.5, 174.5, 175.5, 176.5, 177.5, 178.5, 179.5, 
    180.5, 181.5, 182.5, 183.5, 184.5, 185.5, 186.5, 187.5, 188.5, 189.5, 
    190.5, 191.5, 192.5, 193.5, 194.5, 195.5, 196.5, 197.5, 198.5, 199.5, 
    200.5, 201.5, 202.5, 203.5, 204.5, 205.5, 206.5, 207.5, 208.5, 209.5, 
    210.5, 211.5, 212.5, 213.5, 214.5, 215.5, 216.5, 217.5, 218.5, 219.5, 
    220.5, 221.5, 222.5, 223.5, 224.5, 225.5, 226.5, 227.5, 228.5, 229.5, 
    230.5, 231.5, 232.5, 233.5, 234.5, 235.5, 236.5, 237.5, 238.5, 239.5, 
    240.5, 241.5, 242.5, 243.5, 244.5, 245.5, 246.5, 247.5, 248.5, 249.5, 
    250.5, 251.5, 252.5, 253.5, 254.5, 255.5, 256.5, 257.5, 258.5, 259.5, 
    260.5, 261.5, 262.5, 263.5, 264.5, 265.5, 266.5, 267.5, 268.5, 269.5, 
    270.5, 271.5, 272.5, 273.5, 274.5, 275.5, 276.5, 277.5, 278.5, 279.5, 
    280.5, 281.5, 282.5, 283.5, 284.5, 285.5, 286.5, 287.5, 288.5, 289.5, 
    290.5, 291.5, 292.5, 293.5, 294.5, 295.5, 296.5, 297.5, 298.5, 299.5, 
    300.5, 301.5, 302.5, 303.5, 304.5, 305.5, 306.5, 307.5, 308.5, 309.5, 
    310.5, 311.5, 312.5, 313.5, 314.5, 315.5, 316.5, 317.5, 318.5, 319.5, 
    320.5, 321.5, 322.5, 323.5, 324.5, 325.5, 326.5, 327.5, 328.5, 329.5, 
    330.5, 331.5, 332.5, 333.5, 334.5, 335.5, 336.5, 337.5, 338.5, 339.5, 
    340.5, 341.5, 342.5, 343.5, 344.5, 345.5, 346.5, 347.5, 348.5, 349.5, 
    350.5, 351.5, 352.5, 353.5, 354.5, 355.5, 356.5, 357.5, 358.5, 359.5, 
    360.5, 361.5, 362.5, 363.5, 364.5, 365.5, 366.5, 367.5, 368.5, 369.5, 
    370.5, 371.5, 372.5, 373.5, 374.5, 375.5, 376.5, 377.5, 378.5, 379.5, 
    380.5, 381.5, 382.5, 383.5, 384.5, 385.5, 386.5, 387.5, 388.5, 389.5, 
    390.5, 391.5, 392.5, 393.5, 394.5, 395.5, 396.5, 397.5, 398.5, 399.5, 
    400.5, 401.5, 402.5, 403.5, 404.5, 405.5, 406.5, 407.5, 408.5, 409.5, 
    410.5, 411.5, 412.5, 413.5, 414.5, 415.5, 416.5, 417.5, 418.5, 419.5, 
    420.5, 421.5, 422.5, 423.5, 424.5, 425.5, 426.5, 427.5, 428.5, 429.5, 
    430.5, 431.5, 432.5, 433.5, 434.5, 435.5, 436.5, 437.5, 438.5, 439.5, 
    440.5, 441.5, 442.5, 443.5, 444.5, 445.5, 446.5, 447.5, 448.5, 449.5, 
    450.5, 451.5, 452.5, 453.5, 454.5, 455.5, 456.5, 457.5, 458.5, 459.5, 
    460.5, 461.5, 462.5, 463.5, 464.5, 465.5, 466.5, 467.5, 468.5, 469.5, 
    470.5, 471.5, 472.5, 473.5, 474.5, 475.5, 476.5, 477.5, 478.5, 479.5, 
    480.5, 481.5, 482.5, 483.5, 484.5, 485.5, 486.5, 487.5, 488.5, 489.5, 
    490.5, 491.5, 492.5, 493.5, 494.5, 495.5, 496.5, 497.5, 498.5, 499.5, 
    500.5, 501.5, 502.5, 503.5, 504.5, 505.5, 506.5, 507.5, 508.5, 509.5, 
    510.5, 511.5, 512.5, 513.5, 514.5, 515.5, 516.5, 517.5, 518.5, 519.5, 
    520.5, 521.5, 522.5, 523.5, 524.5, 525.5, 526.5, 527.5, 528.5, 529.5, 
    530.5, 531.5, 532.5, 533.5, 534.5, 535.5, 536.5, 537.5, 538.5, 539.5, 
    540.5, 541.5, 542.5, 543.5, 544.5, 545.5, 546.5, 547.5, 548.5, 549.5, 
    550.5, 551.5, 552.5, 553.5, 554.5, 555.5, 556.5, 557.5, 558.5, 559.5, 
    560.5, 561.5, 562.5, 563.5, 564.5, 565.5, 566.5, 567.5, 568.5, 569.5, 
    570.5, 571.5, 572.5, 573.5, 574.5, 575.5, 576.5, 577.5, 578.5, 579.5, 
    580.5, 581.5, 582.5, 583.5, 584.5, 585.5, 586.5, 587.5, 588.5, 589.5, 
    590.5, 591.5, 592.5, 593.5, 594.5, 595.5, 596.5, 597.5, 598.5, 599.5, 
    600.5, 601.5, 602.5, 603.5, 604.5, 605.5, 606.5, 607.5, 608.5, 609.5, 
    610.5, 611.5, 612.5, 613.5, 614.5, 615.5, 616.5, 617.5, 618.5, 619.5, 
    620.5, 621.5, 622.5, 623.5, 624.5, 625.5, 626.5, 627.5, 628.5, 629.5, 
    630.5, 631.5, 632.5, 633.5, 634.5, 635.5, 636.5, 637.5, 638.5, 639.5, 
    640.5, 641.5, 642.5, 643.5, 644.5, 645.5, 646.5, 647.5, 648.5, 649.5, 
    650.5, 651.5, 652.5, 653.5, 654.5, 655.5, 656.5, 657.5, 658.5, 659.5, 
    660.5, 661.5, 662.5, 663.5, 664.5, 665.5, 666.5, 667.5, 668.5, 669.5, 
    670.5, 671.5, 672.5, 673.5, 674.5, 675.5, 676.5, 677.5, 678.5, 679.5, 
    680.5, 681.5, 682.5, 683.5, 684.5, 685.5, 686.5, 687.5, 688.5, 689.5, 
    690.5, 691.5, 692.5, 693.5, 694.5, 695.5, 696.5, 697.5, 698.5, 699.5, 
    700.5, 701.5, 702.5, 703.5, 704.5, 705.5, 706.5, 707.5, 708.5, 709.5, 
    710.5, 711.5, 712.5, 713.5, 714.5, 715.5, 716.5, 717.5, 718.5, 719.5, 
    720.5, 721.5, 722.5, 723.5, 724.5, 725.5, 726.5, 727.5, 728.5, 729.5, 
    730.5, 731.5, 732.5, 733.5, 734.5, 735.5, 736.5, 737.5, 738.5, 739.5, 
    740.5, 741.5, 742.5, 743.5, 744.5, 745.5, 746.5, 747.5, 748.5, 749.5, 
    752.5, 757.5, 762.5, 767.5, 772.5, 777.5, 782.5, 787.5, 792.5, 797.5, 
    802.5, 807.5, 812.5, 817.5, 822.5, 827.5, 832.5, 837.5, 842.5, 847.5, 
    852.5, 857.5, 862.5, 867.5, 872.5, 877.5, 882.5, 887.5, 892.5, 897.5, 
    902.5, 907.5, 912.5, 917.5, 922.5, 927.5, 932.5, 937.5, 942.5, 947.5, 
    952.5, 957.5, 962.5, 967.5, 972.5, 977.5, 982.5, 987.5, 992.5, 997.5, 
    1002.5, 1007.5, 1012.5, 1017.5, 1022.5, 1027.5, 1032.5, 1037.5, 1042.5, 
    1047.5, 1052.5, 1057.5, 1062.5, 1067.5, 1072.5, 1077.5, 1082.5, 1087.5, 
    1092.5, 1097.5, 1102.5, 1107.5, 1112.5, 1117.5, 1122.5, 1127.5, 1132.5, 
    1137.5, 1142.5, 1147.5, 1152.5, 1157.5, 1162.5, 1167.5, 1172.5, 1177.5, 
    1182.5, 1187.5, 1192.5, 1197.5, 1202.5, 1207.5, 1212.5, 1217.5, 1222.5, 
    1227.5, 1232.5, 1237.5, 1242.5, 1247.5, 1252.5, 1257.5, 1262.5, 1267.5, 
    1272.5, 1277.5, 1282.5, 1287.5, 1292.5, 1297.5, 1302.5, 1307.5, 1312.5, 
    1317.5, 1322.5, 1327.5, 1332.5, 1337.5, 1342.5, 1347.5, 1352.5, 1357.5, 
    1362.5, 1367.5, 1372.5, 1377.5, 1382.5, 1387.5, 1392.5, 1397.5, 1402.5, 
    1407.5, 1412.5, 1417.5, 1422.5, 1427.5, 1432.5, 1437.5, 1442.5, 1447.5, 
    1452.5, 1457.5, 1462.5, 1467.5, 1472.5, 1477.5, 1482.5, 1487.5, 1492.5, 
    1497.5, 1502.5, 1507.5, 1512.5, 1517.5, 1522.5, 1527.5, 1532.5, 1537.5, 
    1542.5, 1547.5, 1552.5, 1557.5, 1562.5, 1567.5, 1572.5, 1577.5, 1582.5, 
    1587.5, 1592.5, 1597.5, 1602.5, 1607.5, 1612.5, 1617.5, 1622.5, 1627.5, 
    1632.5, 1637.5, 1642.5, 1647.5, 1652.5, 1657.5, 1662.5, 1667.5, 1672.5, 
    1677.5, 1682.5, 1687.5, 1692.5, 1697.5, 1702.5, 1707.5, 1712.5, 1717.5, 
    1722.5, 1727.5, 1732.5, 1737.5, 1742.5, 1747.5, 1752.5, 1757.5, 1762.5, 
    1767.5, 1772.5, 1777.5, 1782.5, 1787.5, 1792.5, 1797.5, 1802.5, 1807.5, 
    1812.5, 1817.5, 1822.5, 1827.5, 1832.5, 1837.5, 1842.5, 1847.5, 1852.5, 
    1857.5, 1862.5, 1867.5, 1872.5, 1877.5, 1882.5, 1887.5, 1892.5, 1897.5, 
    1902.5, 1907.5, 1912.5, 1917.5, 1922.5, 1927.5, 1932.5, 1937.5, 1942.5, 
    1947.5, 1952.5, 1957.5, 1962.5, 1967.5, 1972.5, 1977.5, 1982.5, 1987.5, 
    1992.5, 1997.5, 2002.5, 2007.5, 2012.5, 2017.5, 2022.5, 2027.5, 2032.5, 
    2037.5, 2042.5, 2047.5, 2052.5, 2057.5, 2062.5, 2067.5, 2072.5, 2077.5, 
    2082.5, 2087.5, 2092.5, 2097.5, 2102.5, 2107.5, 2112.5, 2117.5, 2122.5, 
    2127.5, 2132.5, 2137.5, 2142.5, 2147.5, 2152.5, 2157.5, 2162.5, 2167.5, 
    2172.5, 2177.5, 2182.5, 2187.5, 2192.5, 2197.5, 2202.5, 2207.5, 2212.5, 
    2217.5, 2222.5, 2227.5, 2232.5, 2237.5, 2242.5, 2247.5, 2252.5, 2257.5, 
    2262.5, 2267.5, 2272.5, 2277.5, 2282.5, 2287.5, 2292.5, 2297.5, 2302.5, 
    2307.5, 2312.5, 2317.5, 2322.5, 2327.5, 2332.5, 2337.5, 2342.5, 2347.5, 
    2352.5, 2357.5, 2362.5, 2367.5, 2372.5, 2377.5, 2382.5, 2387.5, 2392.5, 
    2397.5, 2402.5, 2407.5, 2412.5, 2417.5, 2422.5, 2427.5, 2432.5, 2437.5, 
    2442.5, 2447.5, 2452.5, 2457.5, 2462.5, 2467.5, 2472.5, 2477.5, 2482.5, 
    2487.5, 2492.5, 2497.5, 2502.5, 2507.5, 2512.5, 2517.5, 2522.5, 2527.5, 
    2532.5, 2537.5, 2542.5, 2547.5, 2552.5, 2557.5, 2562.5, 2567.5, 2572.5, 
    2577.5, 2582.5, 2587.5, 2592.5, 2597.5, 2602.5, 2607.5, 2612.5, 2617.5, 
    2622.5, 2627.5, 2632.5, 2637.5, 2642.5, 2647.5, 2652.5, 2657.5, 2662.5, 
    2667.5, 2672.5, 2677.5, 2682.5, 2687.5, 2692.5, 2697.5, 2702.5, 2707.5, 
    2712.5, 2717.5, 2722.5, 2727.5, 2732.5, 2737.5, 2742.5, 2747.5, 2752.5, 
    2757.5, 2762.5, 2767.5, 2772.5, 2777.5, 2782.5, 2787.5, 2792.5, 2797.5, 
    2802.5, 2807.5, 2812.5, 2817.5, 2822.5, 2827.5, 2832.5, 2837.5, 2842.5, 
    2847.5, 2852.5, 2857.5, 2862.5, 2867.5, 2872.5, 2877.5, 2882.5, 2887.5, 
    2892.5, 2897.5, 2902.5, 2907.5, 2912.5, 2917.5, 2922.5, 2927.5, 2932.5, 
    2937.5, 2942.5, 2947.5, 2952.5, 2957.5, 2962.5, 2967.5, 2972.5, 2977.5, 
    2982.5, 2987.5, 2992.5, 2997.5, 3002.5, 3007.5, 3012.5, 3017.5, 3022.5, 
    3027.5, 3032.5, 3037.5, 3042.5, 3047.5, 3052.5, 3057.5, 3062.5, 3067.5, 
    3072.5, 3077.5, 3082.5, 3087.5, 3092.5, 3097.5, 3102.5, 3107.5, 3112.5, 
    3117.5, 3122.5, 3127.5, 3132.5, 3137.5, 3142.5, 3147.5, 3152.5, 3157.5, 
    3162.5, 3167.5, 3172.5, 3177.5, 3182.5, 3187.5, 3192.5, 3197.5, 3202.5, 
    3207.5, 3212.5, 3217.5, 3222.5, 3227.5, 3232.5, 3237.5, 3242.5, 3247.5, 
    3252.5, 3257.5, 3262.5, 3267.5, 3272.5, 3277.5, 3282.5, 3287.5, 3292.5, 
    3297.5, 3302.5, 3307.5, 3312.5, 3317.5, 3322.5, 3327.5, 3332.5, 3337.5, 
    3342.5, 3347.5, 3352.5, 3357.5, 3362.5, 3367.5, 3372.5, 3377.5, 3382.5, 
    3387.5, 3392.5, 3397.5, 3402.5, 3407.5, 3412.5, 3417.5, 3422.5, 3427.5, 
    3432.5, 3437.5, 3442.5, 3447.5, 3452.5, 3457.5, 3462.5, 3467.5, 3472.5, 
    3477.5, 3482.5, 3487.5, 3492.5, 3497.5, 3502.5, 3507.5, 3512.5, 3517.5, 
    3522.5, 3527.5, 3532.5, 3537.5, 3542.5, 3547.5, 3552.5, 3557.5, 3562.5, 
    3567.5, 3572.5, 3577.5, 3582.5, 3587.5, 3592.5, 3597.5, 3602.5, 3607.5, 
    3612.5, 3617.5, 3622.5, 3627.5, 3632.5, 3637.5, 3642.5, 3647.5, 3652.5, 
    3657.5, 3662.5, 3667.5, 3672.5, 3677.5, 3682.5, 3687.5, 3692.5, 3697.5, 
    3702.5, 3707.5, 3712.5, 3717.5, 3722.5, 3727.5, 3732.5, 3737.5, 3742.5, 
    3747.5, 3752.5, 3757.5, 3762.5, 3767.5, 3772.5, 3777.5, 3782.5, 3787.5, 
    3792.5, 3797.5, 3802.5, 3807.5, 3812.5, 3817.5, 3822.5, 3827.5, 3832.5, 
    3837.5, 3842.5, 3847.5, 3852.5, 3857.5, 3862.5, 3867.5, 3872.5, 3877.5, 
    3882.5, 3887.5, 3892.5, 3897.5, 3902.5, 3907.5, 3912.5, 3917.5, 3922.5, 
    3927.5, 3932.5, 3937.5, 3942.5, 3947.5, 3952.5, 3957.5, 3962.5, 3967.5, 
    3972.5, 3977.5, 3982.5, 3987.5, 3992.5, 3997.5, 4002.5, 4007.5, 4012.5, 
    4017.5, 4022.5, 4027.5, 4032.5, 4037.5, 4042.5, 4047.5, 4052.5, 4057.5, 
    4062.5, 4067.5, 4072.5, 4077.5, 4082.5, 4087.5, 4092.5, 4097.5, 4102.5, 
    4107.5, 4112.5, 4117.5, 4122.5, 4127.5, 4132.5, 4137.5, 4142.5, 4147.5, 
    4152.5, 4157.5, 4162.5, 4167.5, 4172.5, 4177.5, 4182.5, 4187.5, 4192.5, 
    4197.5, 4202.5, 4207.5, 4212.5, 4217.5, 4222.5, 4227.5, 4232.5, 4237.5, 
    4242.5, 4247.5, 4252.5, 4257.5, 4262.5, 4267.5, 4272.5, 4277.5, 4282.5, 
    4287.5, 4292.5, 4297.5, 4302.5, 4307.5, 4312.5, 4317.5, 4322.5, 4327.5, 
    4332.5, 4337.5, 4342.5, 4347.5, 4352.5, 4357.5, 4362.5, 4367.5, 4372.5, 
    4377.5, 4382.5, 4387.5, 4392.5, 4397.5, 4402.5, 4407.5, 4412.5, 4417.5, 
    4422.5, 4427.5, 4432.5, 4437.5, 4442.5, 4447.5, 4452.5, 4457.5, 4462.5, 
    4467.5, 4472.5, 4477.5, 4482.5, 4487.5, 4492.5, 4497.5, 4502.5, 4507.5, 
    4512.5, 4517.5, 4522.5, 4527.5, 4532.5, 4537.5, 4542.5, 4547.5, 4552.5, 
    4557.5, 4562.5, 4567.5, 4572.5, 4577.5, 4582.5, 4587.5, 4592.5, 4597.5, 
    4602.5, 4607.5, 4612.5, 4617.5, 4622.5, 4627.5, 4632.5, 4637.5, 4642.5, 
    4647.5, 4652.5, 4657.5, 4662.5, 4667.5, 4672.5, 4677.5, 4682.5, 4687.5, 
    4692.5, 4697.5, 4702.5, 4707.5, 4712.5, 4717.5, 4722.5, 4727.5, 4732.5, 
    4737.5, 4742.5, 4747.5, 4752.5, 4757.5, 4762.5, 4767.5, 4772.5, 4777.5, 
    4782.5, 4787.5, 4792.5, 4797.5, 4802.5, 4807.5, 4812.5, 4817.5, 4822.5, 
    4827.5, 4832.5, 4837.5, 4842.5, 4847.5, 4852.5, 4857.5, 4862.5, 4867.5, 
    4872.5, 4877.5, 4882.5, 4887.5, 4892.5, 4897.5, 4902.5, 4907.5, 4912.5, 
    4917.5, 4922.5, 4927.5, 4932.5, 4937.5, 4942.5, 4947.5, 4952.5, 4957.5, 
    4962.5, 4967.5, 4972.5, 4977.5, 4982.5, 4987.5, 4992.5, 4997.5, 5005, 
    5015, 5025, 5035, 5045, 5055, 5065, 5075, 5085, 5095, 5105, 5115, 5125, 
    5135, 5145, 5155, 5165, 5175, 5185, 5195, 5205, 5215, 5225, 5235, 5245, 
    5255, 5265, 5275, 5285, 5295, 5305, 5315, 5325, 5335, 5345, 5355, 5365, 
    5375, 5385, 5395, 5405, 5415, 5425, 5435, 5445, 5455, 5465, 5475, 5485, 
    5495, 5505, 5515, 5525, 5535, 5545, 5555, 5565, 5575, 5585, 5595, 5605, 
    5615, 5625, 5635, 5645, 5655, 5665, 5675, 5685, 5695, 5705, 5715, 5725, 
    5735, 5745, 5755, 5765, 5775, 5785, 5795, 5805, 5815, 5825, 5835, 5845, 
    5855, 5865, 5875, 5885, 5895, 5905, 5915, 5925, 5935, 5945, 5955, 5965, 
    5975, 5985, 5995, 6005, 6015, 6025, 6035, 6045, 6055, 6065, 6075, 6085, 
    6095, 6105, 6115, 6125, 6135, 6145, 6155, 6165, 6175, 6185, 6195, 6205, 
    6215, 6225, 6235, 6245, 6255, 6265, 6275, 6285, 6295, 6305, 6315, 6325, 
    6335, 6345, 6355, 6365, 6375, 6385, 6395, 6405, 6415, 6425, 6435, 6445, 
    6455, 6465, 6475, 6485, 6495, 6505, 6515, 6525, 6535, 6545, 6555, 6565, 
    6575, 6585, 6595, 6605, 6615, 6625, 6635, 6645, 6655, 6665, 6675, 6685, 
    6695, 6705, 6715, 6725, 6735, 6745, 6755, 6765, 6775, 6785, 6795, 6805, 
    6815, 6825, 6835, 6845, 6855, 6865, 6875, 6885, 6895, 6905, 6915, 6925, 
    6935, 6945, 6955, 6965, 6975, 6985, 6995, 7005, 7015, 7025, 7035, 7045, 
    7055, 7065, 7075, 7085, 7095, 7105, 7115, 7125, 7135, 7145, 7155, 7165, 
    7175, 7185, 7195, 7205, 7215, 7225, 7235, 7245, 7255, 7265, 7275, 7285, 
    7295, 7305, 7315, 7325, 7335, 7345, 7355, 7365, 7375, 7385, 7395, 7405, 
    7415, 7425, 7435, 7445, 7455, 7465, 7475, 7485, 7495, 7505, 7515, 7525, 
    7535, 7545, 7555, 7565, 7575, 7585, 7595, 7605, 7615, 7625, 7635, 7645, 
    7655, 7665, 7675, 7685, 7695, 7705, 7715, 7725, 7735, 7745, 7755, 7765, 
    7775, 7785, 7795, 7805, 7815, 7825, 7835, 7845, 7855, 7865, 7875, 7885, 
    7895, 7905, 7915, 7925, 7935, 7945, 7955, 7965, 7975, 7985, 7995, 8005, 
    8015, 8025, 8035, 8045, 8055, 8065, 8075, 8085, 8095, 8105, 8115, 8125, 
    8135, 8145, 8155, 8165, 8175, 8185, 8195, 8205, 8215, 8225, 8235, 8245, 
    8255, 8265, 8275, 8285, 8295, 8305, 8315, 8325, 8335, 8345, 8355, 8365, 
    8375, 8385, 8395, 8405, 8415, 8425, 8435, 8445, 8455, 8465, 8475, 8485, 
    8495, 8505, 8515, 8525, 8535, 8545, 8555, 8565, 8575, 8585, 8595, 8605, 
    8615, 8625, 8635, 8645, 8655, 8665, 8675, 8685, 8695, 8705, 8715, 8725, 
    8735, 8745, 8755, 8765, 8775, 8785, 8795, 8805, 8815, 8825, 8835, 8845, 
    8855, 8865, 8875, 8885, 8895, 8905, 8915, 8925, 8935, 8945, 8955, 8965, 
    8975, 8985, 8995, 9005, 9015, 9025, 9035, 9045, 9055, 9065, 9075, 9085, 
    9095, 9105, 9115, 9125, 9135, 9145, 9155, 9165, 9175, 9185, 9195, 9205, 
    9215, 9225, 9235, 9245, 9255, 9265, 9275, 9285, 9295, 9305, 9315, 9325, 
    9335, 9345, 9355, 9365, 9375, 9385, 9395, 9405, 9415, 9425, 9435, 9445, 
    9455, 9465, 9475, 9485, 9495, 9505, 9515, 9525, 9535, 9545, 9555, 9565, 
    9575, 9585, 9595, 9605, 9615, 9625, 9635, 9645, 9655, 9665, 9675, 9685, 
    9695, 9705, 9715, 9725, 9735, 9745, 9755, 9765, 9775, 9785, 9795, 9805, 
    9815, 9825, 9835, 9845, 9855, 9865, 9875, 9885, 9895, 9905, 9915, 9925, 
    9935, 9945, 9955, 9965, 9975, 9985, 9995, 10025, 10075, 10125, 10175, 
    10225, 10275, 10325, 10375, 10425, 10475, 10525, 10575, 10625, 10675, 
    10725, 10775, 10825, 10875, 10925, 10975, 11025, 11075, 11125, 11175, 
    11225, 11275, 11325, 11375, 11425, 11475, 11525, 11575, 11625, 11675, 
    11725, 11775, 11825, 11875, 11925, 11975, 12025, 12075, 12125, 12175, 
    12225, 12275, 12325, 12375, 12425, 12475, 12525, 12575, 12625, 12675, 
    12725, 12775, 12825, 12875, 12925, 12975, 13025, 13075, 13125, 13175, 
    13225, 13275, 13325, 13375, 13425, 13475, 13525, 13575, 13625, 13675, 
    13725, 13775, 13825, 13875, 13925, 13975, 14025, 14075, 14125, 14175, 
    14225, 14275, 14325, 14375, 14425, 14475, 14525, 14575, 14625, 14675, 
    14725, 14775, 14825, 14875, 14925, 14975, 15025, 15075, 15125, 15175, 
    15225, 15275, 15325, 15375, 15425, 15475, 15525, 15575, 15625, 15675, 
    15725, 15775, 15825, 15875, 15925, 15975, 16025, 16075, 16125, 16175, 
    16225, 16275, 16325, 16375, 16425, 16475, 16525, 16575, 16625, 16675, 
    16725, 16775, 16825, 16875, 16925, 16975, 17025, 17075, 17125, 17175, 
    17225, 17275, 17325, 17375, 17425, 17475, 17525, 17575, 17625, 17675, 
    17725, 17775, 17825, 17875, 17925, 17975, 18025, 18075, 18125, 18175, 
    18225, 18275, 18325, 18375, 18425, 18475, 18525, 18575, 18625, 18675, 
    18725, 18775, 18825, 18875, 18925, 18975, 19025, 19075, 19125, 19175, 
    19225, 19275, 19325, 19375, 19425, 19475, 19525, 19575, 19625, 19675, 
    19725, 19775, 19825, 19875, 19925, 19975, 20025, 20075, 20125, 20175, 
    20225, 20275, 20325, 20375, 20425, 20475, 20525, 20575, 20625, 20675, 
    20725, 20775, 20825, 20875, 20925, 20975, 21025, 21075, 21125, 21175, 
    21225, 21275, 21325, 21375, 21425, 21475, 21525, 21575, 21625, 21675, 
    21725, 21775, 21825, 21875, 21925, 21975, 22025, 22075, 22125, 22175, 
    22225, 22275, 22325, 22375, 22425, 22475, 22525, 22575, 22625, 22675, 
    22725, 22775, 22825, 22875, 22925, 22975, 23025, 23075, 23125, 23175, 
    23225, 23275, 23325, 23375, 23425, 23475, 23525, 23575, 23625, 23675, 
    23725, 23775, 23825, 23875, 23925, 23975, 24025, 24075, 24125, 24175, 
    24225, 24275, 24325, 24375, 24425, 24475, 24525, 24575, 24625, 24675, 
    24725, 24775, 24825, 24875, 24925, 24975, 25025, 25075, 25125, 25175, 
    25225, 25275, 25325, 25375, 25425, 25475, 25525, 25575, 25625, 25675, 
    25725, 25775, 25825, 25875, 25925, 25975, 26025, 26075, 26125, 26175, 
    26225, 26275, 26325, 26375, 26425, 26475, 26525, 26575, 26625, 26675, 
    26725, 26775, 26825, 26875, 26925, 26975, 27025, 27075, 27125, 27175, 
    27225, 27275, 27325, 27375, 27425, 27475, 27525, 27575, 27625, 27675, 
    27725, 27775, 27825, 27875, 27925, 27975, 28025, 28075, 28125, 28175, 
    28225, 28275, 28325, 28375, 28425, 28475, 28525, 28575, 28625, 28675, 
    28725, 28775, 28825, 28875, 28925, 28975, 29025, 29075, 29125, 29175, 
    29225, 29275, 29325, 29375, 29425, 29475, 29525, 29575, 29625, 29675, 
    29725, 29775, 29825, 29875, 29925, 29975, 30025, 30075, 30125, 30175, 
    30225, 30275, 30325, 30375, 30425, 30475, 30525, 30575, 30625, 30675, 
    30725, 30775, 30825, 30875, 30925, 30975, 31025, 31075, 31125, 31175, 
    31225, 31275, 31325, 31375, 31425, 31475, 31525, 31575, 31625, 31675, 
    31725, 31775, 31825, 31875, 31925, 31975, 32025, 32075, 32125, 32175, 
    32225, 32275, 32325, 32375, 32425, 32475, 32525, 32575, 32625, 32675, 
    32725, 32775, 32825, 32875, 32925, 32975, 33025, 33075, 33125, 33175, 
    33225, 33275, 33325, 33375, 33425, 33475, 33525, 33575, 33625, 33675, 
    33725, 33775, 33825, 33875, 33925, 33975, 34025, 34075, 34125, 34175, 
    34225, 34275, 34325, 34375, 34425, 34475, 34525, 34575, 34625, 34675, 
    34725, 34775, 34825, 34875, 34925, 34975, 35025, 35075, 35125, 35175, 
    35225, 35275, 35325, 35375, 35425, 35475, 35525, 35575, 35625, 35675, 
    35725, 35775, 35825, 35875, 35925, 35975, 36025, 36075, 36125, 36175, 
    36225, 36275, 36325, 36375, 36425, 36475, 36525, 36575, 36625, 36675, 
    36725, 36775, 36825, 36875, 36925, 36975, 37025, 37075, 37125, 37175, 
    37225, 37275, 37325, 37375, 37425, 37475, 37525, 37575, 37625, 37675, 
    37725, 37775, 37825, 37875, 37925, 37975, 38025, 38075, 38125, 38175, 
    38225, 38275, 38325, 38375, 38425, 38475, 38525, 38575, 38625, 38675, 
    38725, 38775, 38825, 38875, 38925, 38975, 39025, 39075, 39125, 39175, 
    39225, 39275, 39325, 39375, 39425, 39475, 39525, 39575, 39625, 39675, 
    39725, 39775, 39825, 39875, 39925, 39975, 40025, 40075, 40125, 40175, 
    40225, 40275, 40325, 40375, 40425, 40475, 40525, 40575, 40625, 40675, 
    40725, 40775, 40825, 40875, 40925, 40975, 41025, 41075, 41125, 41175, 
    41225, 41275, 41325, 41375, 41425, 41475, 41525, 41575, 41625, 41675, 
    41725, 41775, 41825, 41875, 41925, 41975, 42025, 42075, 42125, 42175, 
    42225, 42275, 42325, 42375, 42425, 42475, 42525, 42575, 42625, 42675, 
    42725, 42775, 42825, 42875, 42925, 42975, 43025, 43075, 43125, 43175, 
    43225, 43275, 43325, 43375, 43425, 43475, 43525, 43575, 43625, 43675, 
    43725, 43775, 43825, 43875, 43925, 43975, 44025, 44075, 44125, 44175, 
    44225, 44275, 44325, 44375, 44425, 44475, 44525, 44575, 44625, 44675, 
    44725, 44775, 44825, 44875, 44925, 44975, 45025, 45075, 45125, 45175, 
    45225, 45275, 45325, 45375, 45425, 45475, 45525, 45575, 45625, 45675, 
    45725, 45775, 45825, 45875, 45925, 45975, 46025, 46075, 46125, 46175, 
    46225, 46275, 46325, 46375, 46425, 46475, 46525, 46575, 46625, 46675, 
    46725, 46775, 46825, 46875, 46925, 46975, 47025, 47075, 47125, 47175, 
    47225, 47275, 47325, 47375, 47425, 47475, 47525, 47575, 47625, 47675, 
    47725, 47775, 47825, 47875, 47925, 47975, 48025, 48075, 48125, 48175, 
    48225, 48275, 48325, 48375, 48425, 48475, 48525, 48575, 48625, 48675, 
    48725, 48775, 48825, 48875, 48925, 48975, 49025, 49075, 49125, 49175, 
    49225, 49275, 49325, 49375, 49425, 49475, 49525, 49575, 49625, 49675, 
    49725, 49775, 49825, 49875, 49925, 49975, 50025, 50075, 50125, 50175, 
    50225, 50275, 50325, 50375, 50425, 50475, 50525, 50575, 50625, 50675, 
    50725, 50775, 50825, 50875, 50925, 50975, 51025, 51075, 51125, 51175, 
    51225, 51275, 51325, 51375, 51425, 51475, 51525, 51575, 51625, 51675, 
    51725, 51775, 51825, 51875, 51925, 51975, 52025, 52075, 52125, 52175, 
    52225, 52275, 52325, 52375, 52425, 52475, 52525, 52575, 52625, 52675, 
    52725, 52775, 52825, 52875, 52925, 52975, 53025, 53075, 53125, 53175, 
    53225, 53275, 53325, 53375, 53425, 53475, 53525, 53575, 53625, 53675, 
    53725, 53775, 53825, 53875, 53925, 53975, 54025, 54075, 54125, 54175, 
    54225, 54275, 54325, 54375, 54425, 54475, 54525, 54575, 54625, 54675, 
    54725, 54775, 54825, 54875, 54925, 54975, 55025, 55075, 55125, 55175, 
    55225, 55275, 55325, 55375, 55425, 55475, 55525, 55575, 55625, 55675, 
    55725, 55775, 55825, 55875, 55925, 55975, 56025, 56075, 56125, 56175, 
    56225, 56275, 56325, 56375, 56425, 56475, 56525, 56575, 56625, 56675, 
    56725, 56775, 56825, 56875, 56925, 56975, 57025, 57075, 57125, 57175, 
    57225, 57275, 57325, 57375, 57425, 57475, 57525, 57575, 57625, 57675, 
    57725, 57775, 57825, 57875, 57925, 57975, 58025, 58075, 58125, 58175, 
    58225, 58275, 58325, 58375, 58425, 58475, 58525, 58575, 58625, 58675, 
    58725, 58775, 58825, 58875, 58925, 58975, 59025, 59075, 59125, 59175, 
    59225, 59275, 59325, 59375, 59425, 59475, 59525, 59575, 59625, 59675, 
    59725, 59775, 59825, 59875, 59925, 59975, 60025, 60075, 60125, 60175, 
    60225, 60275, 60325, 60375, 60425, 60475, 60525, 60575, 60625, 60675, 
    60725, 60775, 60825, 60875, 60925, 60975, 61025, 61075, 61125, 61175, 
    61225, 61275, 61325, 61375, 61425, 61475, 61525, 61575, 61625, 61675, 
    61725, 61775, 61825, 61875, 61925, 61975, 62025, 62075, 62125, 62175, 
    62225, 62275, 62325, 62375, 62425, 62475, 62525, 62575, 62625, 62675, 
    62725, 62775, 62825, 62875, 62925, 62975, 63025, 63075, 63125, 63175, 
    63225, 63275, 63325, 63375, 63425, 63475, 63525, 63575, 63625, 63675, 
    63725, 63775, 63825, 63875, 63925, 63975, 64025, 64075, 64125, 64175, 
    64225, 64275, 64325, 64375, 64425, 64475, 64525, 64575, 64625, 64675, 
    64725, 64775, 64825, 64875, 64925, 64975, 65025, 65075, 65125, 65175, 
    65225, 65275, 65325, 65375, 65425, 65475, 65525, 65575, 65625, 65675, 
    65725, 65775, 65825, 65875, 65925, 65975, 66025, 66075, 66125, 66175, 
    66225, 66275, 66325, 66375, 66425, 66475, 66525, 66575, 66625, 66675, 
    66725, 66775, 66825, 66875, 66925, 66975, 67025, 67075, 67125, 67175, 
    67225, 67275, 67325, 67375, 67425, 67475, 67525, 67575, 67625, 67675, 
    67725, 67775, 67825, 67875, 67925, 67975, 68025, 68075, 68125, 68175, 
    68225, 68275, 68325, 68375, 68425, 68475, 68525, 68575, 68625, 68675, 
    68725, 68775, 68825, 68875, 68925, 68975, 69025, 69075, 69125, 69175, 
    69225, 69275, 69325, 69375, 69425, 69475, 69525, 69575, 69625, 69675, 
    69725, 69775, 69825, 69875, 69925, 69975, 70025, 70075, 70125, 70175, 
    70225, 70275, 70325, 70375, 70425, 70475, 70525, 70575, 70625, 70675, 
    70725, 70775, 70825, 70875, 70925, 70975, 71025, 71075, 71125, 71175, 
    71225, 71275, 71325, 71375, 71425, 71475, 71525, 71575, 71625, 71675, 
    71725, 71775, 71825, 71875, 71925, 71975, 72025, 72075, 72125, 72175, 
    72225, 72275, 72325, 72375, 72425, 72475, 72525, 72575, 72625, 72675, 
    72725, 72775, 72825, 72875, 72925, 72975, 73025, 73075, 73125, 73175, 
    73225, 73275, 73325, 73375, 73425, 73475, 73525, 73575, 73625, 73675, 
    73725, 73775, 73825, 73875, 73925, 73975, 74025, 74075, 74125, 74175, 
    74225, 74275, 74325, 74375, 74425, 74475, 74525, 74575, 74625, 74675, 
    74725, 74775, 74825, 74875, 74925, 74975, 75025, 75075, 75125, 75175, 
    75225, 75275, 75325, 75375, 75425, 75475, 75525, 75575, 75625, 75675, 
    75725, 75775, 75825, 75875, 75925, 75975, 76025, 76075, 76125, 76175, 
    76225, 76275, 76325, 76375, 76425, 76475, 76525, 76575, 76625, 76675, 
    76725, 76775, 76825, 76875, 76925, 76975, 77025, 77075, 77125, 77175, 
    77225, 77275, 77325, 77375, 77425, 77475, 77525, 77575, 77625, 77675, 
    77725, 77775, 77825, 77875, 77925, 77975, 78025, 78075, 78125, 78175, 
    78225, 78275, 78325, 78375, 78425, 78475, 78525, 78575, 78625, 78675, 
    78725, 78775, 78825, 78875, 78925, 78975, 79025, 79075, 79125, 79175, 
    79225, 79275, 79325, 79375, 79425, 79475, 79525, 79575, 79625, 79675, 
    79725, 79775, 79825, 79875, 79925, 79975, 80025, 80075, 80125, 80175, 
    80225, 80275, 80325, 80375, 80425, 80475, 80525, 80575, 80625, 80675, 
    80725, 80775, 80825, 80875, 80925, 80975, 81025, 81075, 81125, 81175, 
    81225, 81275, 81325, 81375, 81425, 81475, 81525, 81575, 81625, 81675, 
    81725, 81775, 81825, 81875, 81925, 81975, 82025, 82075, 82125, 82175, 
    82225, 82275, 82325, 82375, 82425, 82475, 82525, 82575, 82625, 82675, 
    82725, 82775, 82825, 82875, 82925, 82975, 83025, 83075, 83125, 83175, 
    83225, 83275, 83325, 83375, 83425, 83475, 83525, 83575, 83625, 83675, 
    83725, 83775, 83825, 83875, 83925, 83975, 84025, 84075, 84125, 84175, 
    84225, 84275, 84325, 84375, 84425, 84475, 84525, 84575, 84625, 84675, 
    84725, 84775, 84825, 84875, 84925, 84975, 85025, 85075, 85125, 85175, 
    85225, 85275, 85325, 85375, 85425, 85475, 85525, 85575, 85625, 85675, 
    85725, 85775, 85825, 85875, 85925, 85975, 86025, 86075, 86125, 86175, 
    86225, 86275, 86325, 86375, 86425, 86475, 86525, 86575, 86625, 86675, 
    86725, 86775, 86825, 86875, 86925, 86975, 87025, 87075, 87125, 87175, 
    87225, 87275, 87325, 87375, 87425, 87475, 87525, 87575, 87625, 87675, 
    87725, 87775, 87825, 87875, 87925, 87975, 88025, 88075, 88125, 88175, 
    88225, 88275, 88325, 88375, 88425, 88475, 88525, 88575, 88625, 88675, 
    88725, 88775, 88825, 88875, 88925, 88975, 89025, 89075, 89125, 89175, 
    89225, 89275, 89325, 89375, 89425, 89475, 89525, 89575, 89625, 89675, 
    89725, 89775, 89825, 89875, 89925, 89975, 90025, 90075, 90125, 90175, 
    90225, 90275, 90325, 90375, 90425, 90475, 90525, 90575, 90625, 90675, 
    90725, 90775, 90825, 90875, 90925, 90975, 91025, 91075, 91125, 91175, 
    91225, 91275, 91325, 91375, 91425, 91475, 91525, 91575, 91625, 91675, 
    91725, 91775, 91825, 91875, 91925, 91975, 92025, 92075, 92125, 92175, 
    92225, 92275, 92325, 92375, 92425, 92475, 92525, 92575, 92625, 92675, 
    92725, 92775, 92825, 92875, 92925, 92975, 93025, 93075, 93125, 93175, 
    93225, 93275, 93325, 93375, 93425, 93475, 93525, 93575, 93625, 93675, 
    93725, 93775, 93825, 93875, 93925, 93975, 94025, 94075, 94125, 94175, 
    94225, 94275, 94325, 94375, 94425, 94475, 94525, 94575, 94625, 94675, 
    94725, 94775, 94825, 94875, 94925, 94975, 95025, 95075, 95125, 95175, 
    95225, 95275, 95325, 95375, 95425, 95475, 95525, 95575, 95625, 95675, 
    95725, 95775, 95825, 95875, 95925, 95975, 96025, 96075, 96125, 96175, 
    96225, 96275, 96325, 96375, 96425, 96475, 96525, 96575, 96625, 96675, 
    96725, 96775, 96825, 96875, 96925, 96975, 97025, 97075, 97125, 97175, 
    97225, 97275, 97325, 97375, 97425, 97475, 97525, 97575, 97625, 97675, 
    97725, 97775, 97825, 97875, 97925, 97975, 98025, 98075, 98125, 98175, 
    98225, 98275, 98325, 98375, 98425, 98475, 98525, 98575, 98625, 98675, 
    98725, 98775, 98825, 98875, 98925, 98975, 99025, 99075, 99125, 99175, 
    99225, 99275, 99325, 99375, 99425, 99475, 99525, 99575, 99625, 99675, 
    99725, 99775, 99825, 99875, 99925, 99975 ;
}
