[ 11  12  23  33  41  93 142 132  30   4   1   0   0   1   1   0   0   0
   0   0   0   0   0   0   0]
[  8  11  28  28  41  75 150 153  33   8   1   0   0   0   0   0   0   0
   0   0   0   0   0   0   0]
[  1  11  18  22  26  64 123 112  17   4   0   0   1   0   0   1   0   0
   0   0   0   0   0   0   0]
[  2   7  10  23  26  53 103  99  13   4   1   0   0   1   0   0   0   0
   0   0   0   0   0   0   0]
[ 0  2 10 11 17 39 52 80 22 11  6  1  0  4  2  0  0  0  0  0  0  0  0  0
  0]
[ 1  2  4  5 17 28 58 93 48 12  2  0  1  1  4  1  0  0  0  0  0  0  0  0
  0]
[  0   1   0   8  24  33  84 137  81  15   2   0   0   2   0   2   0   0
   0   0   0   0   0   0   0]
[ 0  0  0  2  4 18 47 85 44 14  2  1  1  1  1  0  0  0  0  0  0  0  0  0
  0]
[ 0  0  0  3  6 11 28 54 31 14  5  1  0  1  2  0  0  0  0  0  0  0  0  0
  0]
[ 0  0  0  1  1 12 27 31 28 15  4  1  0  0  0  0  0  0  0  0  0  0  0  0
  0]
[ 0  0  0  1  2  2 20 57 29 14  2  0  0  0  0  0  0  0  0  0  0  0  0  0
  0]
[ 0  0  0  2  3  8 23 65 41 17  3  1  0  0  0  0  0  0  0  0  0  0  0  0
  0]
[ 0  0  0  0  0  4 30 52 40 18  7  1  0  0  0  0  0  0  0  0  0  0  0  0
  0]
[ 0  1  0  0  0  0 11 26 31 19 13  2  1  0  0  0  0  0  0  0  0  0  0  0
  0]
[ 0  0  0  0  0  1  5 31 26 23  8  2  0  0  0  0  0  0  0  0  0  0  0  0
  0]
[ 0  0  0  0  0  2  5 24 29 22  7  4  2  0  0  0  0  0  0  0  0  0  0  0
  0]
[ 0  0  0  0  0  0  6 25 29  6  1  4  0  2  0  0  0  0  0  0  0  0  0  0
  0]
[ 0  0  0  0  0  2  2  8 10 10  1  1  0  0  0  0  0  0  0  0  0  0  0  0
  0]
[ 0  0  0  0  0  0  1  2 12 11  2  0  0  0  0  0  0  0  0  0  0  0  0  0
  0]
[0 0 0 0 0 0 0 2 6 7 0 0 0 0 0 0 0 0 0 0 0 0 0 0 0]
