[14 24 37 29 23 16  6  1  0  0  0  0  0  0  0  0  0  0  0  0  0  0  0  0
  0]
[14 33 41 35 35 23  8  6  3  1  0  0  0  0  0  0  0  0  0  0  0  0  0  0
  0]
[ 9 33 37 58 40 30 20  8  1  1  0  0  0  0  0  0  0  0  0  0  0  0  0  0
  0]
[11 22 24 24 28 31 21 18  1  0  0  0  0  0  0  0  0  0  0  0  0  0  0  0
  0]
[ 3 14 18 16 23 38 34 12  2  0  0  0  0  0  0  0  0  0  0  0  0  0  0  0
  0]
[ 3  8 10 23 16 23 31 32  6  0  0  0  0  0  0  0  0  0  0  0  0  0  0  0
  0]
[ 1  7 12 16 18 34 23 14 12  4  0  0  0  0  0  0  0  0  0  0  0  0  0  0
  0]
[ 1  3  4  8 11 27 33 23  7  1  2  1  0  0  0  0  0  0  0  0  0  0  0  0
  0]
[ 1  2  3  2  4 13 37 26  9  5  1  1  0  0  0  0  0  0  0  0  0  0  0  0
  0]
[ 0  0  1  3  7 17 48 38 20  7  1  0  0  0  0  0  0  0  0  0  0  0  0  0
  0]
[ 2  0  0  1  8 17 32 37 24 10  3  0  0  0  0  0  0  0  0  0  0  0  0  0
  0]
[ 0  0  0  1  5 10 43 30 20  8  3  0  0  0  0  0  0  0  0  0  0  0  0  0
  0]
[ 0  0  1  0  2  8 34 38 21 12  3  3  0  0  0  0  0  0  0  0  0  0  0  0
  0]
[ 1  0  1  1  2  9 32 57 24 14  8  1  0  0  0  0  0  0  0  0  0  0  0  0
  0]
[ 0  1  0  0  1 10 27 35 44 22  3  5  0  0  0  0  0  0  0  0  0  0  0  0
  0]
[ 0  0  0  0  1  8 37 72 56 23 11  7  0  0  0  0  0  0  0  0  0  0  0  0
  0]
[ 0  1  0  1  2  2 40 86 60 26 19 13  4  0  0  0  0  0  0  0  0  0  0  0
  0]
[  1   0   0   0   1   3  34 105  88  57  34  22   5   0   0   0   0   0
   0   0   0   0   0   0   0]
[  0   0   0   1   0   5  31 125 114  77  35  21   6   0   0   0   0   0
   0   0   0   0   0   0   0]
[  0   0   0   0   1   1  28 102 178  91  52  30  19   9   3   1   0   0
   0   0   1   0   0   0   0]
