[ 53 120 187 244 236 194 130  69  21   5   3   0   0   0   0   0   0   0
   0   0   0   0   0   0   0]
[ 31  45 107 137 144  99 109  45   8   2   1   0   0   0   0   0   0   0
   0   0   0   0   0   0   0]
[12 26 39 54 66 85 54 37  8  0  1  0  0  0  0  0  0  0  0  0  0  0  0  0
  0]
[ 44  55 100  99 128 176 158 105  38   6   3   0   0   0   0   0   0   0
   0   0   0   0   0   0   0]
[ 23  37  78  80  96 128 180 135  81  11   4   0   0   0   0   0   0   0
   0   0   0   0   0   0   0]
[ 16  29  27  54  56  86 142 141  54  27  10   1   0   0   0   0   0   0
   0   0   0   0   0   0   0]
[ 5  9 11 18 24 41 80 67 25  9  2  0  0  0  0  0  0  0  0  0  0  0  0  0
  0]
[  1   6  16  12  27  75 130 104  62  18   7   1   0   0   0   0   0   0
   0   0   0   0   0   0   0]
[  1   5   4  15  38  76 138 143  95  35  12   0   0   0   0   0   0   0
   0   0   0   0   0   0   0]
[  1   1   3   3  15  36 131 173 117  47   7   1   0   0   0   0   0   0
   0   0   0   0   0   0   0]
[  0   0   1   0   6  34  78 102  89  47   8   4   1   0   0   0   0   0
   0   0   0   0   0   0   0]
[  0   1   2   4  13  19  72 106  82  43  11   2   0   0   0   0   0   0
   0   0   0   0   0   0   0]
[  0   0   2   2  12  27  80 150 126  52  13   8   0   0   0   0   0   0
   0   0   0   0   0   0   0]
[  2   1   1   4   8  36  67 140 131  56  11   1   0   0   0   0   0   0
   0   0   0   0   0   0   0]
[  1   1   0   2   6  12  66 113  88  59  28   3   2   0   0   0   0   0
   0   0   0   0   0   0   0]
[ 3  2  2  3  4 13 36 95 99 54 18  5  0  0  0  0  0  0  0  0  0  0  0  0
  0]
[  4   4   1   3   6  11  46 123 110  67  20   7   3   0   0   0   0   0
   0   0   0   0   0   0   0]
[  8   1   5   7   6   6  63 146 185 125  34  17   2   0   0   0   0   0
   0   0   0   0   0   0   0]
[  7   3   7   3   7   6  62 168 266 173  68  16   1   0   0   0   0   0
   0   0   0   0   0   0   0]
[  1   1   6   4   5   9  51 191 283 209  86  26   6   0   0   0   0   0
   0   0   0   0   0   0   0]
