[ 61 149 225 217 176 139  81  22   1   0   0   0   0   0   0   0   0   0
   0   0   0   0   0   0   0]
[ 23  58  96 115 112  89  58  19   2   0   0   0   0   0   0   0   0   0
   0   0   0   0   0   0   0]
[14 16 23 34 28 37 39 15  2  0  0  0  0  0  0  0  0  0  0  0  0  0  0  0
  0]
[ 5 23 33 27 50 57 53 21  1  0  0  0  0  0  0  0  0  0  0  0  0  0  0  0
  0]
[  9  31  40  44  79 118 150  49  17   0   0   0   0   0   0   0   0   0
   0   0   0   0   0   0   0]
[  6  12  26  23  57 110 145  68  17   2   3   0   0   0   0   0   0   0
   0   0   0   0   0   0   0]
[ 0  2 10  7 23 42 82 44 10  1  0  0  0  0  0  0  0  0  0  0  0  0  0  0
  0]
[ 0  2  0  6 19 37 77 37 10  2  0  0  0  0  0  0  0  0  0  0  0  0  0  0
  0]
[  0   0   2  11  20  74 127  81  22   3   1   0   0   0   0   0   0   0
   0   0   0   0   0   0   0]
[  0   0   1   3  16  53 131 114  33  18   2   0   0   0   0   0   0   0
   0   0   0   0   0   0   0]
[  1   1   3   4  17  46 104  95  25  15   1   0   0   0   0   0   0   0
   0   0   0   0   0   0   0]
[ 1  0  0  2  2 23 70 90 32 12  4  0  0  0  0  0  0  0  0  0  0  0  0  0
  0]
[  0   0   0   3   9  42 124 124  38  20  12   1   0   0   0   0   0   0
   0   0   0   0   0   0   0]
[  1   1   0   1   3  13  69 104  50  19   2   1   0   0   0   0   0   0
   0   0   0   0   0   0   0]
[  3   0   6   4   3  17  74 131  89  22  19   3   0   0   0   0   0   0
   0   0   0   0   0   0   0]
[  0   0   0   3   0  12  63 107  55  22  20  12   0   0   0   0   0   0
   0   0   0   0   0   0   0]
[  3   2   0   6   7  16  97 145  92  38  30  17   2   1   0   0   0   0
   0   0   0   0   0   0   0]
[  4   3   3   4   4   4  60 203 139  34  22  21   5   0   0   0   0   0
   0   0   0   0   0   0   0]
[  4   2   4   3   4   7  76 280 252 134  31  12   9   1   0   0   0   0
   0   0   0   0   0   0   0]
[  0   2   0   4   2   6  81 288 367 156  44  21  12   0   1   3   0   0
   0   0   0   0   0   0   0]
