[ 311  714 1121 1133  854  638  391  113   25    3    1    0    0    0
    0    0    0    0    0    0    0    0    0    0    0]
[ 323  769 1409 1547 1454 1196  838  263   50    2    3    0    0    0
    0    0    0    0    0    0    0    0    0    0    0]
[103 236 325 459 524 553 461 149  19   1   0   0   0   0   0   0   0   0
   0   0   0   0   0   0   0]
[ 53 153 244 252 336 377 389 171  35   8   0   0   0   0   0   0   0   0
   0   0   0   0   0   0   0]
[ 71 150 219 259 289 502 575 235 105  20   1   0   0   0   0   0   0   0
   0   0   0   0   0   0   0]
[ 70 179 282 303 431 749 998 603 173  29   5   1   0   0   0   0   0   0
   0   0   0   0   0   0   0]
[  35   97  155  162  315  573 1072  730  194   40    5    0    0    0
    0    0    0    0    0    0    0    0    0    0    0]
[  9  14  33  49 135 260 435 275  77  16   0   0   0   0   0   0   0   0
   0   0   0   0   0   0   0]
[  6  10  21  33  96 275 518 387 145  34   8   1   0   0   0   0   0   0
   0   0   0   0   0   0   0]
[  6  16  18  45 116 286 717 657 304 102  16   0   0   0   0   0   0   0
   0   0   0   0   0   0   0]
[  11   11   22   48  167  453 1069 1167  552  177   21    1    0    0
    0    0    0    0    0    0    0    0    0    0    0]
[  7   5   7  27  78 237 615 762 331  98  26   0   0   0   0   0   0   0
   0   0   0   0   0   0   0]
[  4   3   3  10  30 112 327 389 189 106  46   4   0   0   0   0   0   0
   0   0   0   0   0   0   0]
[ 14   6   6  14  36 107 451 633 324 149  65  11   0   0   0   0   0   0
   0   0   0   0   0   0   0]
[  24   20   23   32   59  197  755 1194  793  306  124   25    3    0
    0    0    0    0    0    0    0    0    0    0    0]
[  4   2   3  14  34  94 488 887 541 207 117  35   4   0   0   0   0   0
   0   0   0   0   0   0   0]
[ 12   5   3  11  26  50 298 585 400 164  89  60  11   2   0   0   0   0
   0   0   0   0   0   0   0]
[  22   17   26   28   28   43  502 1365 1124  441  165   79   25    0
    0    0    0    0    0    0    0    0    0    0    0]
[  68   42   68   80   78  122  768 2482 2328 1034  318  106   30    5
    0    0    0    0    0    0    0    0    0    0    0]
[   9    3   12   17   32   62  409 1359 1548  771  293  110   34    8
    7    5    0    0    0    0    0    0    0    0    0]
