[22 29 33 33 27 24 12  7  5  0  0  0  0  0  0  0  0  0  0  0  0  0  0  0
  0]
[12 26 43 39 38 44 21  7  1  0  0  0  0  0  0  0  0  0  0  0  0  0  0  0
  0]
[13 24 36 33 40 33 15 10  4  5  1  0  0  0  0  0  0  0  0  0  0  0  0  0
  0]
[22 24 44 57 54 38 51 17 13  4  1  0  0  0  0  0  0  0  0  0  0  0  0  0
  0]
[ 9 16 23 28 23 41 42 30 24  1  1  0  1  0  0  0  0  0  0  0  0  0  0  0
  0]
[ 9 13 23 24 32 30 29 26 13  6  1  0  0  0  0  0  0  0  0  0  0  0  0  0
  0]
[14  9 16 25 29 34 33 47 19 15  1  0  1  0  0  0  0  0  0  0  0  0  0  0
  0]
[ 4  7 13  7 15 54 44 49 39 26  5  2  0  0  0  0  0  0  0  0  0  0  0  0
  0]
[ 2  2  6 12  8 29 52 50 24 21  6  1  0  0  0  0  0  0  0  0  0  0  0  0
  0]
[ 1  3  1  5 10 14 29 37 34  9  6  1  0  0  0  0  0  0  0  0  0  0  0  0
  0]
[ 1  0  1  1  3 13 34 39 26 17  3  1  0  0  0  0  0  0  0  0  0  0  0  0
  0]
[ 0  0  1  0  3 13 41 52 45 28 14  1  1  0  0  0  0  0  0  0  0  0  0  0
  0]
[ 1  0  2  0  1 12 44 52 38 31 19  2  0  0  0  0  0  0  0  0  0  0  0  0
  0]
[ 0  0  0  0  4 10 33 51 45 33 18  4  0  0  0  0  0  0  0  0  0  0  0  0
  0]
[ 0  0  0  0  0 13 26 63 50 34 24  7  0  0  0  0  0  0  0  0  0  0  0  0
  0]
[ 2  0  1  1  2  3 29 61 46 35 21 11  2  3  0  0  0  0  0  0  0  0  0  0
  0]
[ 0  0  0  3  2 10 26 89 99 52 37  8  4  0  0  0  0  0  0  0  0  0  0  0
  0]
[  0   0   0   0   2   6  25  83 103  63  31  16   7   0   0   0   0   0
   0   0   0   0   0   0   0]
[  0   1   0   0   1   3  38 102 135 104  58  29  11   1   1   0   0   0
   0   0   0   0   0   0   0]
[  0   1   0   0   0   3  39 157 210 154  91  42  20   6   4   2   0   0
   0   0   0   0   0   0   0]
