[163 320 447 412 308 292 136  51  15   5   0   0   0   0   0   0   0   0
   0   0   0   0   0   0   0]
[197 451 863 945 915 692 536 188  45   8   1   1   0   0   0   0   0   0
   0   0   0   0   0   0   0]
[ 47 114 225 252 285 345 271  99  27   3   0   0   0   0   0   0   0   0
   0   0   0   0   0   0   0]
[ 21  53  78  98 122 129 121  69  20   7   4   0   0   0   0   0   0   0
   0   0   0   0   0   0   0]
[ 29  57 111 106 104 135 167 105  60   7   0   0   0   0   0   0   0   0
   0   0   0   0   0   0   0]
[ 44 111 126 166 207 316 516 319 134  21   2   0   0   0   0   0   0   0
   0   0   0   0   0   0   0]
[ 28  63  81 100 150 372 705 479 156  47   1   0   0   0   0   0   0   0
   0   0   0   0   0   0   0]
[  8   7  21  21  59 117 161 161  54  12   1   1   0   0   0   0   0   0
   0   0   0   0   0   0   0]
[ 2  2  8 11 19 61 94 92 63 12  5  0  0  0  0  0  0  0  0  0  0  0  0  0
  0]
[  4   4   5  14  25  92 236 220 151  49   6   2   0   0   0   0   0   0
   0   0   0   0   0   0   0]
[  7   9   9  41  70 193 598 725 400 135  30   0   0   0   0   0   0   0
   0   0   0   0   0   0   0]
[  1   2   5  12  31  93 338 407 209  89  18   2   0   0   0   0   0   0
   0   0   0   0   0   0   0]
[  3   1   0   2  16  45  87 111  71  36  15   1   0   0   0   0   0   0
   0   0   0   0   0   0   0]
[  4   1   1   4  14  42 131 160  89  64  34   9   1   0   0   0   0   0
   0   0   0   0   0   0   0]
[ 17   9  11  20  33  84 335 584 388 188  55   9   0   0   0   0   0   0
   0   0   0   0   0   0   0]
[  6   1   6  13  16  47 215 481 327 134  41  10   4   0   0   0   0   0
   0   0   0   0   0   0   0]
[  0   2   1   2   7  10  65 158 118  53  41  26  10   1   0   0   0   0
   0   0   0   0   0   0   0]
[ 14   9   9   5   7  11 100 304 309 169  82  30  10   1   0   0   0   0
   0   0   0   0   0   0   0]
[  44   24   39   38   37   54  313 1083 1239  627  205   58   18    2
    0    0    0    0    0    0    0    0    0    0    0]
[  8   6   2  10  20  27 155 642 911 460 152  50  16   8   7   1   1   0
   0   0   0   0   0   0   0]
