[111 194 248 225 166  91  50  15  10   2   0   0   0   0   0   0   0   0
   0   0   0   0   0   0   0]
[ 75 176 276 246 201 137  89  30  12   0   0   0   0   0   0   0   0   0
   0   0   0   0   0   0   0]
[ 63 149 254 251 265 247 138  63  10   4   0   0   0   0   0   0   0   0
   0   0   0   0   0   0   0]
[ 58 128 179 195 247 255 212 103  34  12   4   0   0   0   0   0   0   0
   0   0   0   0   0   0   0]
[ 53 115 162 157 212 252 236 151  61  15   1   0   1   0   0   0   0   0
   0   0   0   0   0   0   0]
[ 43  87 105 114 107 188 220 136  55  13   2   0   0   0   0   0   0   0
   0   0   0   0   0   0   0]
[ 31  38  64  64  94 145 151 115  67  20   5   0   0   0   0   0   0   0
   0   0   0   0   0   0   0]
[ 12  26  38  51  80 131 199 161  85  15   8   4   0   0   0   0   0   0
   0   0   0   0   0   0   0]
[  4   8  22  22  58 125 211 158 109  30  10   2   0   0   0   0   0   0
   0   0   0   0   0   0   0]
[  2   3   9  11  41 109 187 178  96  50   9   3   0   0   0   0   0   0
   0   0   0   0   0   0   0]
[  1   1   1   8  38  98 166 193 119  50   7   1   1   1   0   0   0   0
   0   0   0   0   0   0   0]
[  7   2   1   9  24  72 194 254 157  68  16   0   0   1   0   0   0   0
   0   0   0   0   0   0   0]
[  2   0   0   1  22  81 192 248 180  95  37   9   2   0   0   0   0   0
   0   0   0   0   0   0   0]
[  1   2   1   3  12  65 204 292 188 116  62  12   2   1   0   0   0   0
   0   0   0   0   0   0   0]
[  2   0   0   2  16  47 195 337 252 144  84  28   2   0   0   0   0   0
   0   1   4   0   0   0   0]
[  1   0   2   4  10  55 201 437 298 184 142  35   7   2   0   0   0   0
   0   1   2   0   0   0   0]
[  0   1   5   1   7  25 153 428 380 225 164  84  23   1   0   0   0   0
   0   5   0   0   0   0   0]
[  4   4   1   4   5  22 183 434 514 345 216 117  43   6   1   0   1   0
   3   4   9   0   0   0   0]
[  2   0   3   3   7  32 199 622 824 518 282 145  43   4   0   1   0   0
   0  16  11   0   0   0   0]
[   3    3    0    8    6   16  186  741 1047  742  427  236  117   45
   16   11    1    1    1   31   42    0    0    0    0]
