[ 47 116 168 128 116  73  34  15   2   0   0   0   0   0   0   0   0   0
   0   0   0   0   0   0   0]
[ 55 139 171 159 131  95  51  28   9   2   0   1   0   0   0   0   0   0
   0   0   0   0   0   0   0]
[ 38 106 187 195 181 157  99  37   3   1   0   0   0   0   0   0   0   0
   0   0   0   0   0   0   0]
[ 47  79 131 131 155 169 130  69  16   3   0   0   1   0   0   0   0   0
   0   0   0   0   0   0   0]
[ 32  60  75  76  95 162 151  67  22   0   0   0   0   0   0   0   0   0
   0   0   0   0   0   0   0]
[ 15  37  56  70  78 111 139  94  31   4   2   0   0   0   0   0   0   0
   0   0   0   0   0   0   0]
[ 10  31  45  44  72 140 147 105  54  16   1   0   0   0   0   0   0   0
   0   0   0   0   0   0   0]
[  6  15  15  27  49 107 169 102  34  15   7   3   0   0   0   0   0   0
   0   0   0   0   0   0   0]
[  6   6  16  14  30  69 160 125  45  19   7   1   0   0   0   0   0   0
   0   0   0   0   0   0   0]
[  2   3   7  13  30  92 158 133  64  28   9   2   0   0   0   0   0   0
   0   0   0   0   0   0   0]
[  4   2   3   3  28  80 137 190  97  37  11   0   1   0   0   0   0   0
   0   0   0   0   0   0   0]
[  1   1   0   4  17  56 167 173 114  65  18   1   0   0   0   0   0   0
   0   0   0   0   0   0   0]
[  2   4   2   1   5  56 158 204 148  72  35   4   1   0   0   0   0   0
   0   0   0   0   0   0   0]
[  2   1   2   2   8  32 156 265 178  86  47   3   1   0   0   0   0   0
   0   0   0   0   0   0   0]
[  1   1   1   0   8  38 159 252 215 105  70  21   2   1   0   0   0   0
   0   0   0   0   0   0   0]
[  1   0   1   1   6  26 128 316 310 162  97  33   5   0   0   0   0   0
   0   0   0   0   0   0   0]
[  5   2   1   4   4  16 136 355 319 198 119  70  10   1   0   0   0   0
   0   0   0   0   0   0   0]
[  4   0   0   2   6  20 122 364 405 241 174  96  28   1   0   0   0   0
   0   0   0   0   0   0   0]
[  6   2   2   1   2  12 123 456 611 419 242 115  36   3   3   0   0   0
   0   0   0   0   0   0   0]
[  6   1   3   5   7  17 166 577 931 762 392 224 134  66  26   2   0   0
   0   7   2   0   0   0   0]
