[ 94 150 251 206 158 133 143  86  26   6   1   0   0   0   0   0   0   0
   0   0   0   0   0   0   0]
[ 83 167 227 240 199 171 215 144  38  12   3   0   0   0   0   0   0   0
   0   0   0   0   0   0   0]
[ 48  90 128 161 169 187 196 189  60  19   1   0   0   0   0   0   0   0
   0   0   0   0   0   0   0]
[ 67 108 159 172 183 248 261 255  79  21   4   1   1   0   0   0   0   0
   0   0   0   0   0   0   0]
[ 78 112 172 183 223 251 344 325 113  44   6   3   0   1   1   0   0   0
   0   0   0   0   0   0   0]
[ 42  60  85 101 103 184 326 392 195  47  12   5   0   1   0   0   0   0
   0   0   0   0   0   0   0]
[ 15  36  40  55  70 146 300 378 225  65  18   8   1   0   0   0   0   0
   0   0   0   0   0   0   0]
[ 16  15  32  40  66 133 278 371 215  81  22   3   1   1   0   0   0   0
   0   0   0   0   0   0   0]
[ 11  13  21  27  63 129 276 430 193  97  38   8   5   0   1   0   0   0
   0   0   0   0   0   0   0]
[  8   2  11  18  56 103 246 340 221  88  36   8   3   0   0   0   0   0
   0   0   0   0   0   0   0]
[  5   3   3   9  23  92 215 315 214 129  38  14   5   0   0   0   0   0
   0   0   0   0   0   0   0]
[  7   2   3   6  24  87 194 287 218 167  41  17   7   0   0   0   0   0
   0   0   0   0   0   0   0]
[  5   4   1   8  15  73 216 306 287 181  60  23   5   2   0   0   0   0
   0   0   0   0   0   0   0]
[  5   4   2   6  10  44 212 334 299 244 125  39  14   2   1   0   0   0
   0   0   0   0   0   0   0]
[  1   1   3   2   7  30 165 342 357 249 111  39  19   2   0   0   0   0
   0   0   0   0   0   0   0]
[  0   3   2   3   5  26 135 328 338 248 145  51  14   1   0   0   0   0
   0   0   0   0   0   0   0]
[  3   0   1   2   7  26 129 308 329 304 151  64  14   4   0   0   0   0
   0   0   0   0   0   0   0]
[  3   0   1   2   5  10  79 312 350 291 176  76  29   6   3   1   0   0
   0   1   2   0   0   0   0]
[  0   1   0   2   2  11  76 294 397 363 262 124  50   8   0   1   1   0
   0   1   4   0   0   0   0]
[  1   1   0   1   2  14  90 345 529 526 452 269  93  30  12   4   1   1
   0   8  15   0   0   0   0]
