[ 50  65  65  81 110 131  78  52   8   1   0   0   0   0   0   0   0   0
   0   0   0   0   0   0   0]
[ 71  86  78  88  76 131 117 113  37   2   0   0   0   0   0   0   0   0
   0   0   0   0   0   0   0]
[ 35  45  70  57  81  94 173 194  97  36   5   0   0   0   0   0   0   0
   0   0   0   0   0   0   0]
[ 24  32  38  48  64  96 177 262 140  49   7   2   0   0   0   0   0   0
   0   0   0   0   0   0   0]
[  8  25  28  23  44  78 186 287 146  45  14   6   0   0   0   0   0   0
   0   0   0   0   0   0   0]
[ 14  44  38  46  40  84 165 208 187  95  17   2   0   1   0   0   0   0
   0   0   0   0   0   0   0]
[ 12  17  23  40  46 107 178 241 257 115  25   4   0   0   0   0   0   0
   0   0   0   0   0   0   0]
[  6  10  13  27  39  84 147 300 423 138  28   2   0   0   0   0   0   0
   0   0   0   0   0   0   0]
[  6   1   3  13  17  65 130 165 154  65  22   6   3   0   0   0   0   0
   0   0   0   0   0   0   0]
[  1   6  10  12  38 111 122 161 119  93  45  11   1   0   0   0   0   0
   0   0   0   0   0   0   0]
[  2   1   1   3  13  59 134 156 181  84  36  17   3   0   0   0   0   0
   0   0   0   0   0   0   0]
[  3   1   3   4   6  35 122 187 171 100  36   9   2   1   0   0   0   0
   0   0   0   0   0   0   0]
[  1   0   2   3  13  41 102 182 118 106  33   9   3   1   0   0   0   0
   0   0   0   0   0   0   0]
[  1   2   0   0   5  22  73 160 102  81  31   9   8   1   0   0   0   0
   0   0   6   0   0   0   0]
[  4   3   1   0   4  13  71 148 144  96  51  17   8   3   0   0   0   0
   0   5   8   0   0   0   0]
[  5   4   2   0   3   7  47 144 166 120  64  22   2   0   0   0   0   0
   0   0   0   0   0   0   0]
[  3   0   2   3   1  16  43 128 142 117  54  24   7   0   0   0   0   0
   0   0   0   0   0   0   0]
[  1   2   3   5   5  12  40 104 154 115  73  37   6   6   0   0   0   0
   0   0   0   0   0   0   0]
[  3   2   1   3  11  16  45 102 130  99  80  56  21   8   3   0   0   0
   0   4   0   0   0   0   0]
[  1   2   1   0   2   6  49 119 184 168 154 135  73  42  27  15  16   8
   3   9   9   0   0   0   0]
