[352 623 936 856 597 437 230  78  16   4   1   0   0   0   0   0   0   0
   0   0   0   0   0   0   0]
[315 612 926 960 804 566 356 161  54  11   1   0   0   0   0   0   0   0
   0   0   0   0   0   0   0]
[325 587 901 948 959 839 582 313 107  27   6   0   0   0   0   0   0   0
   0   0   0   0   0   0   0]
[ 277  485  764  872 1015  999  893  470  213   54   11    2    1    0
    0    0    0    0    0    0    0    0    0    0    0]
[245 418 571 691 845 947 947 630 304  63  13   2   0   0   0   0   0   0
   0   0   0   0   0   0   0]
[195 294 357 449 558 732 852 616 346  84  15   2   0   0   0   0   0   0
   0   0   0   0   0   0   0]
[ 99 190 265 304 418 555 744 682 362 164  30   0   0   0   0   0   0   0
   0   0   0   0   0   0   0]
[ 68 115 169 230 356 518 734 699 445 231  36   6   0   0   0   0   0   0
   0   1   0   0   0   0   0]
[ 49  77 104 144 251 477 703 734 524 207  72  11   1   1   0   0   0   0
   0   3   0   0   0   0   0]
[ 21  41  65 100 202 379 658 741 607 267  67  21   4   0   0   0   0   0
   0   1   0   0   0   0   0]
[ 16  17  21  44 116 291 564 784 566 319 106  31   4   4   0   0   0   0
   0   0   0   0   0   0   0]
[  5  12  13  26  72 260 588 850 704 392 160  33   5   1   1   0   0   0
   0   1   4   0   0   0   0]
[  5  12  10  18  68 238 631 928 735 468 206  59  10   0   1   0   0   0
   0   1   3   0   0   0   0]
[   6    5    6   11   50  205  643 1131  951  611  282   60   19    1
    1    0    0    0    0    2    7    0    0    0    0]
[   7    2    2    8   30  143  547 1152 1055  745  338  114   26    6
    1    0    0    0    0    2    6    0    0    0    0]
[   7    4    7   11   26  115  524 1215 1169  856  465  171   41    6
    4    0    0    0    0    4    5    0    0    0    0]
[   5    7    2    7   22   91  516 1256 1355  988  581  228   52   15
    3    0    0    0    0    1   18    0    0    0    0]
[   7    2    6    8   15   70  548 1578 1789 1266  766  364   93    8
    2    0    0    0    2    8   13    0    0    0    0]
[   1    3    4   10   12   67  529 1816 2216 1700 1089  545  175   31
   14    6    0    0    1   11   50    0    0    0    0]
[   1    2    4    5   18   69  569 2173 3031 2615 1863 1130  420  110
   39   17    6    0    1   17   71    0    0    0    0]
