[120 241 343 289 233 218  94  38  10   3   0   0   0   0   0   0   0   0
   0   0   0   0   0   0   0]
[132 282 551 593 587 433 325 115  32   5   1   1   0   0   0   0   0   0
   0   0   0   0   0   0   0]
[ 31  80 135 157 189 216 169  69  18   3   0   0   0   0   0   0   0   0
   0   0   0   0   0   0   0]
[ 8 18 31 37 46 57 70 37  6  0  1  0  0  0  0  0  0  0  0  0  0  0  0  0
  0]
[ 19  27  61  52  55  81 102  51  16   5   0   0   0   0   0   0   0   0
   0   0   0   0   0   0   0]
[ 29  74  84 123 138 226 375 229  89  14   2   0   0   0   0   0   0   0
   0   0   0   0   0   0   0]
[ 20  39  47  65 100 237 446 272 110  37   0   0   0   0   0   0   0   0
   0   0   0   0   0   0   0]
[  2   3   8  13  35  83 121 100  24   6   0   1   0   0   0   0   0   0
   0   0   0   0   0   0   0]
[ 1  1  1  2  6 28 54 53 29  5  2  0  0  0  0  0  0  0  0  0  0  0  0  0
  0]
[  4   1   4  12  18  67 170 143  84  24   4   0   0   0   0   0   0   0
   0   0   0   0   0   0   0]
[  7   7   6  31  48 131 407 475 248  89  22   0   0   0   0   0   0   0
   0   0   0   0   0   0   0]
[  0   2   3   5  19  67 229 263 134  56  12   0   0   0   0   0   0   0
   0   0   0   0   0   0   0]
[ 2  1  0  1  3 21 41 63 38 13  9  0  0  0  0  0  0  0  0  0  0  0  0  0
  0]
[ 4  1  1  2  7 26 85 94 52 18 14  4  1  0  0  0  0  0  0  0  0  0  0  0
  0]
[ 13   5   8  13  24  66 236 392 250 123  34   7   0   0   0   0   0   0
   0   0   0   0   0   0   0]
[  3   1   3   8  11  32 135 322 210  86  23   8   3   0   0   0   0   0
   0   0   0   0   0   0   0]
[ 0  1  0  2  5  4 32 80 67 26 21 11  4  1  0  0  0  0  0  0  0  0  0  0
  0]
[  8   4   4   3   3   8  65 190 176  81  37  14   5   0   0   0   0   0
   0   0   0   0   0   0   0]
[ 34  15  25  24  29  38 219 732 814 391 133  32  12   1   0   0   0   0
   0   0   0   0   0   0   0]
[  6   4   2   6   8  11 104 451 647 310 104  27  10   3   3   1   0   0
   0   0   0   0   0   0   0]
