[ 47  63  64  79 106 131  78  52   8   1   0   0   0   0   0   0   0   0
   0   0   0   0   0   0   0]
[ 69  83  75  86  71 127 115 113  37   2   0   0   0   0   0   0   0   0
   0   0   0   0   0   0   0]
[ 32  43  61  53  75  90 166 192  97  36   5   0   0   0   0   0   0   0
   0   0   0   0   0   0   0]
[ 23  30  33  43  60  87 167 252 136  48   7   2   0   0   0   0   0   0
   0   0   0   0   0   0   0]
[  6  22  25  15  32  68 174 275 138  44  13   6   0   0   0   0   0   0
   0   0   0   0   0   0   0]
[  9  39  34  39  34  71 150 197 184  93  16   2   0   1   0   0   0   0
   0   0   0   0   0   0   0]
[ 11  17  22  37  45 103 162 217 241 109  23   4   0   0   0   0   0   0
   0   0   0   0   0   0   0]
[  6  10  11  27  33  75 141 294 418 132  26   2   0   0   0   0   0   0
   0   0   0   0   0   0   0]
[  6   1   3  11  12  62 126 153 144  58  21   6   3   0   0   0   0   0
   0   0   0   0   0   0   0]
[  1   6  10  11  32 101 111 133  96  65  33  10   1   0   0   0   0   0
   0   0   0   0   0   0   0]
[  2   1   1   3  12  46 118 130 158  66  26  16   3   0   0   0   0   0
   0   0   0   0   0   0   0]
[  3   0   3   4   5  33 109 169 152  89  35   9   2   1   0   0   0   0
   0   0   0   0   0   0   0]
[  1   0   2   2  11  39  81 136 108 103  32   8   2   1   0   0   0   0
   0   0   0   0   0   0   0]
[  1   2   0   0   1  17  60 145  94  71  29   7   5   1   0   0   0   0
   0   0   6   0   0   0   0]
[  4   2   1   0   3  12  59 118 115  84  47  14   5   2   0   0   0   0
   0   5   8   0   0   0   0]
[  5   4   2   0   3   7  36 112 103  96  58  20   2   0   0   0   0   0
   0   0   0   0   0   0   0]
[  3   0   2   3   1  15  34 105 111  97  43  21   5   0   0   0   0   0
   0   0   0   0   0   0   0]
[  1   2   3   5   5  11  34  83 116 102  66  34   5   5   0   0   0   0
   0   0   0   0   0   0   0]
[  3   2   1   3  11  15  44  88 110  83  72  48  20   8   3   0   0   0
   0   4   0   0   0   0   0]
[  1   2   1   0   2   5  46 104 152 144 143 129  69  40  27  15  16   8
   3   4   5   0   0   0   0]
