[ 499 1038 1690 1842 1581 1190  752  290   58   10    1    0    0    0
    0    0    0    0    0    0    0    0    0    0    0]
[207 420 789 895 888 768 563 162  36   1   2   0   0   0   0   0   0   0
   0   0   0   0   0   0   0]
[116 287 426 503 596 686 516 242  58   2   2   0   0   0   0   0   0   0
   0   0   0   0   0   0   0]
[143 322 455 530 685 983 948 462 173  31   2   1   0   0   0   0   0   0
   0   0   0   0   0   0   0]
[ 155  327  497  545  714 1263 1514  828  289   66    5    0    0    0
    0    0    0    0    0    0    0    0    0    0    0]
[  58  152  246  270  417  812 1107  748  273   66   11    0    0    0
    0    0    0    0    0    0    0    0    0    0    0]
[ 21  59  89 110 218 526 715 416 166  58  11   4   0   0   0   0   0   0
   0   0   0   0   0   0   0]
[ 21  30  41  91 162 576 883 617 288  68   8   1   0   0   0   0   0   0
   0   0   0   0   0   0   0]
[  17   22   45   83  260  765 1710 1361  653  183   25    0    0    0
    0    0    0    0    0    0    0    0    0    0    0]
[  14   24   32   51  203  661 1611 1655  810  276   42   10    0    0
    0    0    0    0    0    0    0    0    0    0    0]
[  11    8    9   26   95  382  939 1037  544  161   51    3    0    0
    0    0    0    0    0    0    0    0    0    0    0]
[  8   5   9  19  77 287 823 805 423 146  67   8   1   0   0   0   0   0
   0   0   0   0   0   0   0]
[  11    7    7   29   60  249  957 1129  732  287   90   15    0    0
    0    0    0    0    0    0    0    0    0    0    0]
[  18    7    7   24   88  256 1094 1679 1206  545  153   24    4    0
    0    0    0    0    0    0    0    0    0    0    0]
[  10    9    6   23   27  165  649 1085  768  322  126   33    1    0
    0    0    0    0    0    0    0    0    0    0    0]
[ 17  11  11  20  30  92 490 856 551 281 128  47   3   0   0   0   0   0
   0   0   0   0   0   0   0]
[  35   24   32   45   34   82  609 1403 1041  443  201   77    8    1
    0    0    0    0    0    0    0    0    0    0    0]
[  38   29   36   54   39  121  704 2196 2060  952  344   86   22    1
    0    0    0    0    0    0    0    0    0    0    0]
[  14   16    9   20   34   66  545 1916 2005 1066  366  129   28    7
    0    0    0    0    0    0    0    0    0    0    0]
[   7    8   17   39   70   80  566 2359 2834 1502  591  220   67   21
    6    1    2    0    0    0    0    1    0    0    0]
