[ 35  81 116  97  87  60  27  13   2   0   0   0   0   0   0   0   0   0
   0   0   0   0   0   0   0]
[ 43  97 121 107 103  82  42  23   8   2   0   0   0   0   0   0   0   0
   0   0   0   0   0   0   0]
[ 31  80 118 134 107 115  62  21   3   1   0   0   0   0   0   0   0   0
   0   0   0   0   0   0   0]
[ 26  54  78  78 105 118  86  40  11   1   0   0   1   0   0   0   0   0
   0   0   0   0   0   0   0]
[ 20  43  51  46  66 116 103  52  17   0   0   0   0   0   0   0   0   0
   0   0   0   0   0   0   0]
[ 12  30  39  52  56  94 105  77  21   2   1   0   0   0   0   0   0   0
   0   0   0   0   0   0   0]
[  8  23  32  33  56 114 115  79  38  12   1   0   0   0   0   0   0   0
   0   0   0   0   0   0   0]
[  4   9   7  16  33  78 116  68  16   8   4   1   0   0   0   0   0   0
   0   0   0   0   0   0   0]
[  4   5  14  13  19  52 120  89  39  15   5   1   0   0   0   0   0   0
   0   0   0   0   0   0   0]
[  2   2   7  11  22  56 127 108  52  17   7   2   0   0   0   0   0   0
   0   0   0   0   0   0   0]
[  4   1   2   2  17  61 117 138  77  24   8   0   1   0   0   0   0   0
   0   0   0   0   0   0   0]
[  1   0   0   2  10  42 134 119  79  46  11   0   0   0   0   0   0   0
   0   0   0   0   0   0   0]
[  1   2   2   0   4  37 121 146 110  54  20   4   1   0   0   0   0   0
   0   0   0   0   0   0   0]
[  2   0   2   1   7  23 110 190 132  72  35   2   1   0   0   0   0   0
   0   0   0   0   0   0   0]
[  1   1   1   0   5  30 116 178 162  83  47  14   2   1   0   0   0   0
   0   0   0   0   0   0   0]
[  1   0   0   0   5  21  93 233 223 115  73  22   4   0   0   0   0   0
   0   0   0   0   0   0   0]
[  5   2   0   3   3  11 108 273 245 142  89  52   7   0   0   0   0   0
   0   0   0   0   0   0   0]
[  2   0   0   2   4  12  98 266 297 181 142  73  18   1   0   0   0   0
   0   0   0   0   0   0   0]
[  6   2   2   1   0   9 107 349 439 320 178  79  23   2   1   0   0   0
   0   0   0   0   0   0   0]
[  6   0   2   3   6  11 131 443 693 516 268 151  91  41  14   1   0   0
   0   7   2   0   0   0   0]
