[ 263  585  960 1101  914  739  465  183   40   10    3    0    0    0
    0    0    0    0    0    0    0    0    0    0    0]
[ 85 162 296 398 402 330 307 108  30   5   1   0   0   0   0   0   0   0
   0   0   0   0   0   0   0]
[ 57  94 159 189 242 306 239 113  27   5   2   0   0   0   0   0   0   0
   0   0   0   0   0   0   0]
[108 205 277 353 494 662 608 300 113  16   4   0   0   0   0   0   0   0
   0   0   0   0   0   0   0]
[ 98 181 339 372 498 837 965 571 252  47   9   2   0   0   0   0   0   0
   0   0   0   0   0   0   0]
[ 49 103 114 194 243 450 613 479 190  55  11   1   0   0   0   0   0   0
   0   0   0   0   0   0   0]
[ 16  30  46  54 103 179 312 198  75  22   3   0   0   0   0   0   0   0
   0   0   0   0   0   0   0]
[  5  18  35  45 101 312 544 338 161  40  16   3   0   0   0   0   0   0
   0   0   0   0   0   0   0]
[  8  13  14  59 138 431 947 769 386 122  29   3   0   1   0   0   0   0
   0   0   0   0   0   0   0]
[  4   2  13  33  82 306 914 916 478 150  23   1   0   0   0   0   0   0
   0   0   0   0   0   0   0]
[  1   4   6  16  40 160 387 398 273 114  20   6   1   0   0   0   0   0
   0   0   0   0   0   0   0]
[  3   3   6  13  32 126 409 409 231 111  28   2   1   0   0   0   0   0
   0   0   0   0   0   0   0]
[  3   4   5  11  31 134 529 671 454 163  46  18   1   0   0   0   0   0
   0   0   0   0   0   0   0]
[  7   5   5  11  17 114 490 815 568 228  67  14   1   0   0   0   0   0
   0   0   0   0   0   0   0]
[  5   1   3   3  13  55 279 493 331 163  62  13   3   0   0   0   0   0
   0   0   0   0   0   0   0]
[ 11   4   5  11   8  36 222 422 285 158  64  18   5   0   0   0   0   0
   0   0   0   0   0   0   0]
[ 10   9   4   8  14  29 248 671 483 193  98  36   9   3   0   0   0   0
   0   0   0   0   0   0   0]
[  19   10   14   15   15   37  379 1119 1096  489  158   53   21    3
    0    0    0    0    0    0    0    0    0    0    0]
[  16    7   13   11   14   19  270 1018 1159  557  195   57   15    3
    0    0    0    0    0    0    0    0    0    0    0]
[   8    3    9   13   19   22  247 1124 1443  773  274  100   36    6
    7    4    1    0    0    0    0    0    0    0    0]
