[27 30 60 30 45 45 74 37  3  0  0  0  0  0  0  0  0  0  0  0  0  0  0  0
  0]
[ 19  49  60  73  67  86 116  94  23   7   1   0   0   0   0   0   0   0
   0   0   0   0   0   0   0]
[ 77  89  96  81  88 100 201 150  39  12   1   0   0   0   0   0   0   0
   0   0   0   0   0   0   0]
[ 69  88 102 108 102 119 201 168  78  19   7   0   0   0   0   0   0   0
   0   0   0   0   0   0   0]
[ 55  81  70 100  78 102 108 124  96  37   5   0   1   0   0   0   0   0
   0   0   0   0   0   0   0]
[ 28  40  65  57  80  83 119 126  90  39   9   0   0   0   0   0   0   0
   0   0   0   0   0   0   0]
[ 30  29  47  49  58  83 123 117  89  35  10   0   0   0   0   0   0   0
   0   0   0   0   0   0   0]
[  9  16  25  26  56  77 126 188 124  34  15   1   0   0   0   0   0   0
   0   0   0   0   0   0   0]
[ 11  12  10  20  46  70 118 222 154  65   9   2   0   0   1   0   0   0
   0   0   0   0   0   0   0]
[ 13  10   8  15  23  64 132 216 161  72  16   2   0   0   0   0   0   0
   0   0   0   0   0   0   0]
[  4   2   4   7  24  56 138 178 124  67  18   3   0   0   0   0   0   0
   0   0   0   0   0   0   0]
[  7   6   5   2  22  44 141 209 148  75  21   3   5   0   0   0   0   0
   0   0   1   0   0   0   0]
[  8   6   4  12  13  48 117 177 153  89  26   4   7   4   0   0   0   0
   0   0   0   0   0   0   0]
[  6   4   6   1  11  32 104 199 184 101  37  14   5   3   0   0   0   0
   0   0   0   0   0   0   0]
[  3   2   6   8   5  18  82 166 184  92  34  12   5   2   0   0   0   0
   0   1   0   0   0   0   0]
[  5   3   5   5   6  19  72 158 182  96  43  16   4   3   0   0   0   0
   0   0   0   0   0   0   0]
[  8   2   1   0   6  14  60 141 148  91  44  14   9   5   0   0   0   0
   0   0   0   0   0   0   0]
[  0   2   0   1   6   6  45 137 167 121  54  12   6   2   0   1   0   0
   0   0   0   0   0   0   0]
[  5   0   1   5   7   8  57 177 229 173  65  30   5   5   0   0   0   0
   0   1   0   0   0   0   0]
[  5   1   0   1   5  10  49 160 267 231 121  52  19  10   2   0   0   0
   0   7   2   0   0   0   0]
