[1240 1984 1684 1936 1951 2306 2650 3038  760  157   16    0    0    1
    1    0    0    0    0    0    0    0    0    0    0]
[ 934 1183 1360 1461 1591 1798 2493 2799  745  149   27    4    0    0
    0    0    0    0    0    0    0    0    0    0    0]
[ 681  804  923 1054 1368 1646 2172 2314  652  179   20    2    2    1
    0    1    0    0    0    0    0    0    0    0    0]
[ 479  557  601  764 1131 1412 1919 2103  619  124   21    2    0    1
    0    0    0    0    0    0    0    0    0    0    0]
[ 359  333  365  474  797 1129 1601 1817  520  128   28    6    0    6
    3    0    0    0    0    0    0    0    0    0    0]
[ 209  161  165  260  585  974 1398 1664  525  138   19    3    1    1
    4    1    0    0    0    0    0    0    0    0    0]
[ 146  116  105  205  447  710 1271 1515  551  136   31    4    2    3
    1    2    0    0    0    0    0    0    0    0    0]
[ 109   58   65  139  337  635 1031 1197  481  160   22   13    3    2
    1    0    0    0    0    0    0    0    0    0    0]
[  86   55   43   89  282  529  922 1070  430  169   36    8    1    1
    3    0    0    0    0    0    0    0    0    0    0]
[ 62  30  29  85 185 429 685 781 367 104  36   8   5   4   0   0   0   0
   0   0   0   0   0   0   0]
[ 53  18  23  59 135 300 558 615 286  90  27   7   1   0   0   0   0   0
   0   0   0   0   0   0   0]
[ 20  18   3  29  58 197 354 399 205 130  40  15   3   0   1   0   0   0
   0   0   0   0   0   0   0]
[  3   2   4  15  38 104 276 339 213  96  45  11   8   1   1   0   0   0
   0   0   0   0   0   0   0]
[  2   2   1  10  13  42 124 154 147 102  45  16  12   4   1   0   0   0
   0   0   0   0   0   0   0]
[ 1  2  1  3  4 14 61 98 76 65 24 10  6  4  1  0  0  0  0  0  0  0  0  0
  0]
[ 1  0  0  2  1 23 21 46 58 30 20  6  6  4  4  1  0  0  0  0  0  0  0  0
  0]
[ 0  1  0  0  2  3 22 43 45 15  5  4  0  2  0  1  0  0  0  0  0  0  0  0
  0]
[ 2  0  0  0  0  3  4 12 16 12  6  1  1  0  0  0  0  0  0  0  0  0  0  0
  0]
[ 0  0  0  0  0  0  2  5 17 12  6  0  0  0  0  0  0  0  0  0  0  0  0  0
  0]
[0 0 0 0 0 0 0 2 7 7 1 1 0 0 0 0 0 0 0 0 0 0 0 0 0]
