[ 89 127 211 162 121 105 102  63  18   4   1   0   0   0   0   0   0   0
   0   0   0   0   0   0   0]
[ 77 155 203 212 173 150 168 101  24   8   1   0   0   0   0   0   0   0
   0   0   0   0   0   0   0]
[ 42  82 110 138 132 153 148 127  43  16   1   0   0   0   0   0   0   0
   0   0   0   0   0   0   0]
[ 63  91 135 144 153 212 202 189  49  20   3   0   1   0   0   0   0   0
   0   0   0   0   0   0   0]
[ 77 102 156 158 187 218 268 244  89  37   5   2   0   1   1   0   0   0
   0   0   0   0   0   0   0]
[ 42  55  78  93  91 162 274 318 159  39  10   5   0   1   0   0   0   0
   0   0   0   0   0   0   0]
[ 14  32  36  50  53 122 260 313 200  56  11   4   1   0   0   0   0   0
   0   0   0   0   0   0   0]
[ 15  14  30  35  56 118 231 308 182  67  17   2   0   1   0   0   0   0
   0   0   0   0   0   0   0]
[ 11  12  20  23  59 119 244 361 171  90  32   5   4   0   1   0   0   0
   0   0   0   0   0   0   0]
[  5   2  10  16  47  91 208 288 181  70  30   5   3   0   0   0   0   0
   0   0   0   0   0   0   0]
[  5   3   3   8  19  83 181 245 162 100  33  10   5   0   0   0   0   0
   0   0   0   0   0   0   0]
[  5   2   3   5  16  69 147 226 172 138  33  13   4   0   0   0   0   0
   0   0   0   0   0   0   0]
[  2   4   1   7  12  56 173 236 241 143  42  17   5   1   0   0   0   0
   0   0   0   0   0   0   0]
[  3   4   2   3   9  41 172 269 227 184  93  27   8   0   0   0   0   0
   0   0   0   0   0   0   0]
[  1   1   2   2   7  26 129 271 274 196  77  24  10   0   0   0   0   0
   0   0   0   0   0   0   0]
[  0   2   1   3   4  17 103 240 222 170  90  31   7   1   0   0   0   0
   0   0   0   0   0   0   0]
[  3   0   1   2   5  17 107 260 261 235 106  53  11   3   0   0   0   0
   0   0   0   0   0   0   0]
[  1   0   1   1   4   4  68 257 291 233 134  51  22   3   1   1   0   0
   0   1   2   0   0   0   0]
[  0   1   0   0   2   9  64 250 341 325 220  98  38   7   0   1   1   0
   0   1   4   0   0   0   0]
[  1   0   0   1   1  11  74 291 444 414 371 240  80  25  10   3   1   0
   0   8  15   0   0   0   0]
