[19 27 27 28 27 22 12  6  5  0  0  0  0  0  0  0  0  0  0  0  0  0  0  0
  0]
[11 21 34 34 34 35 14  6  1  0  0  0  0  0  0  0  0  0  0  0  0  0  0  0
  0]
[10 17 24 20 22 24 10  8  2  4  1  0  0  0  0  0  0  0  0  0  0  0  0  0
  0]
[13 22 37 53 44 35 43 17 12  4  1  0  0  0  0  0  0  0  0  0  0  0  0  0
  0]
[ 7 12 21 25 23 39 39 27 20  0  1  0  1  0  0  0  0  0  0  0  0  0  0  0
  0]
[ 7 11 21 21 25 24 24 21 10  6  1  0  0  0  0  0  0  0  0  0  0  0  0  0
  0]
[10  4 12 19 22 24 27 39 15  8  1  0  1  0  0  0  0  0  0  0  0  0  0  0
  0]
[ 2  6  9  5 14 45 37 45 31 20  3  2  0  0  0  0  0  0  0  0  0  0  0  0
  0]
[ 2  2  6 12  8 25 48 50 20 18  5  1  0  0  0  0  0  0  0  0  0  0  0  0
  0]
[ 1  2  1  3  8 11 24 30 27  7  2  1  0  0  0  0  0  0  0  0  0  0  0  0
  0]
[ 1  0  1  1  2 12 29 34 23 16  1  1  0  0  0  0  0  0  0  0  0  0  0  0
  0]
[ 0  0  1  0  2 11 37 46 39 19 11  1  1  0  0  0  0  0  0  0  0  0  0  0
  0]
[ 1  0  2  0  1 10 40 51 32 24 14  2  0  0  0  0  0  0  0  0  0  0  0  0
  0]
[ 0  0  0  0  4  9 32 44 40 23 15  3  0  0  0  0  0  0  0  0  0  0  0  0
  0]
[ 0  0  0  0  0 11 23 54 47 27 16  3  0  0  0  0  0  0  0  0  0  0  0  0
  0]
[ 2  0  1  1  2  2 25 48 42 29 19 10  2  3  0  0  0  0  0  0  0  0  0  0
  0]
[ 0  0  0  2  1  9 25 83 88 44 29  7  4  0  0  0  0  0  0  0  0  0  0  0
  0]
[ 0  0  0  0  2  5 22 71 94 51 25 15  7  0  0  0  0  0  0  0  0  0  0  0
  0]
[  0   1   0   0   1   3  35  83 104  84  47  25   8   1   1   0   0   0
   0   0   0   0   0   0   0]
[  0   1   0   0   0   3  31 134 185 131  65  37  17   5   3   2   0   0
   0   0   0   0   0   0   0]
