[341 611 906 838 577 426 224  75  16   4   1   0   0   0   0   0   0   0
   0   0   0   0   0   0   0]
[298 583 897 932 769 544 344 157  53  11   1   0   0   0   0   0   0   0
   0   0   0   0   0   0   0]
[315 564 873 909 923 811 566 303 105  27   6   0   0   0   0   0   0   0
   0   0   0   0   0   0   0]
[270 468 735 846 971 957 859 449 208  54  11   2   0   0   0   0   0   0
   0   0   0   0   0   0   0]
[238 406 551 665 819 904 917 609 297  60  13   2   0   0   0   0   0   0
   0   0   0   0   0   0   0]
[191 286 351 437 541 697 826 604 341  82  15   2   0   0   0   0   0   0
   0   0   0   0   0   0   0]
[ 95 184 254 296 398 533 706 666 356 159  30   0   0   0   0   0   0   0
   0   0   0   0   0   0   0]
[ 66 115 162 226 343 499 713 673 430 229  34   5   0   0   0   0   0   0
   0   1   0   0   0   0   0]
[ 49  75 104 141 241 447 664 709 508 205  68  10   1   0   0   0   0   0
   0   3   0   0   0   0   0]
[ 19  38  65  99 189 366 627 707 591 261  67  21   4   0   0   0   0   0
   0   1   0   0   0   0   0]
[ 16  15  20  40 107 263 526 735 544 305 102  31   4   4   0   0   0   0
   0   0   0   0   0   0   0]
[  5  12  13  24  68 253 549 798 667 365 146  33   5   1   1   0   0   0
   0   1   4   0   0   0   0]
[  4  12  10  18  64 219 595 875 691 434 197  56  10   0   1   0   0   0
   0   1   3   0   0   0   0]
[   6    5    6   10   45  186  595 1050  874  561  259   58   18    0
    1    0    0    0    0    2    7    0    0    0    0]
[   7    2    2    8   29  128  500 1056  971  690  308  104   26    6
    1    0    0    0    0    2    6    0    0    0    0]
[   7    4    7    8   23  112  488 1108 1071  774  424  153   32    6
    3    0    0    0    0    4    5    0    0    0    0]
[   5    7    2    7   21   87  483 1150 1231  872  499  187   33   11
    3    0    0    0    0    1   14    0    0    0    0]
[   7    2    6    8   14   63  508 1437 1604 1112  643  282   75    5
    1    0    0    0    0    5   10    0    0    0    0]
[   1    3    4   10   12   63  488 1672 1983 1501  906  439  136   21
    9    6    0    0    0    8   47    0    0    0    0]
[   1    2    4    5   17   62  514 1987 2730 2324 1575  835  326   89
   33   17    6    0    1   16   71    0    0    0    0]
