[136 258 368 319 250 236 107  39  13   4   0   0   0   0   0   0   0   0
   0   0   0   0   0   0   0]
[149 332 648 681 662 497 384 133  36   6   1   1   0   0   0   0   0   0
   0   0   0   0   0   0   0]
[ 36  96 175 192 224 252 197  79  21   3   0   0   0   0   0   0   0   0
   0   0   0   0   0   0   0]
[12 37 59 74 86 85 90 51 10  1  1  0  0  0  0  0  0  0  0  0  0  0  0  0
  0]
[ 23  41  81  82  77  99 125  68  35   6   0   0   0   0   0   0   0   0
   0   0   0   0   0   0   0]
[ 31  88  95 133 157 241 407 244  95  15   2   0   0   0   0   0   0   0
   0   0   0   0   0   0   0]
[ 21  44  52  78 119 291 540 351 119  41   1   0   0   0   0   0   0   0
   0   0   0   0   0   0   0]
[  7   4  16  16  41  94 140 112  35  11   0   1   0   0   0   0   0   0
   0   0   0   0   0   0   0]
[ 2  1  6  6 11 48 74 72 51  8  4  0  0  0  0  0  0  0  0  0  0  0  0  0
  0]
[  4   2   5  12  19  73 182 158 103  31   4   0   0   0   0   0   0   0
   0   0   0   0   0   0   0]
[  7   7   7  34  57 149 449 533 285 102  25   0   0   0   0   0   0   0
   0   0   0   0   0   0   0]
[  0   2   3   7  22  80 270 310 159  72  13   1   0   0   0   0   0   0
   0   0   0   0   0   0   0]
[ 2  1  0  1  9 29 63 87 54 24 13  1  0  0  0  0  0  0  0  0  0  0  0  0
  0]
[  4   1   1   2  10  30  95 113  66  43  21   5   1   0   0   0   0   0
   0   0   0   0   0   0   0]
[ 15   6   9  13  28  70 272 447 275 134  42   8   0   0   0   0   0   0
   0   0   0   0   0   0   0]
[  5   1   6  11  11  35 164 378 239  97  30   8   4   0   0   0   0   0
   0   0   0   0   0   0   0]
[  0   2   1   2   6   8  47 109  95  44  29  23  10   1   0   0   0   0
   0   0   0   0   0   0   0]
[ 10   7   6   3   5   8  76 235 236 116  56  22   8   0   0   0   0   0
   0   0   0   0   0   0   0]
[ 37  15  28  31  32  43 257 860 948 454 154  40  12   1   0   0   0   0
   0   0   0   0   0   0   0]
[  6   4   2   7  16  19 121 505 714 338 120  35  11   5   5   1   0   0
   0   0   0   0   0   0   0]
