[ 270  637 1028 1034  781  576  362  103   25    3    1    0    0    0
    0    0    0    0    0    0    0    0    0    0    0]
[ 295  702 1283 1404 1305 1097  776  235   48    2    3    0    0    0
    0    0    0    0    0    0    0    0    0    0    0]
[101 218 304 445 503 532 445 146  19   1   0   0   0   0   0   0   0   0
   0   0   0   0   0   0   0]
[ 47 129 208 204 284 323 321 141  30   7   0   0   0   0   0   0   0   0
   0   0   0   0   0   0   0]
[ 58 133 194 228 256 442 501 211  99  18   1   0   0   0   0   0   0   0
   0   0   0   0   0   0   0]
[ 64 166 265 289 391 682 908 542 157  26   5   1   0   0   0   0   0   0
   0   0   0   0   0   0   0]
[ 30  89 143 150 292 531 985 672 171  35   4   0   0   0   0   0   0   0
   0   0   0   0   0   0   0]
[  8  12  31  45 128 247 401 255  72  14   0   0   0   0   0   0   0   0
   0   0   0   0   0   0   0]
[  1   4  17  30  82 236 436 325 117  30   6   1   0   0   0   0   0   0
   0   0   0   0   0   0   0]
[  6  13  17  40 102 255 628 581 273  92  16   0   0   0   0   0   0   0
   0   0   0   0   0   0   0]
[  10   11   21   45  162  411  985 1062  503  156   19    1    0    0
    0    0    0    0    0    0    0    0    0    0    0]
[  7   4   7  24  75 223 575 722 313  91  23   0   0   0   0   0   0   0
   0   0   0   0   0   0   0]
[  4   3   3  10  23  93 278 326 155  80  34   4   0   0   0   0   0   0
   0   0   0   0   0   0   0]
[ 13   6   6  13  26  79 360 525 275 128  41   7   0   0   0   0   0   0
   0   0   0   0   0   0   0]
[  22   18   20   30   51  182  689 1089  729  280  116   22    3    0
    0    0    0    0    0    0    0    0    0    0    0]
[  4   2   3  14  32  90 454 821 494 190  94  26   1   0   0   0   0   0
   0   0   0   0   0   0   0]
[ 11   5   3   9  20  45 230 456 323 133  61  30   5   2   0   0   0   0
   0   0   0   0   0   0   0]
[  21   16   25   26   28   41  405 1144  971  382  127   62   17    0
    0    0    0    0    0    0    0    0    0    0    0]
[  62   36   55   76   73  117  715 2290 2150  958  311   99   28    3
    0    0    0    0    0    0    0    0    0    0    0]
[   9    3   12   14   30   61  389 1231 1403  688  258   96   31    8
    6    4    0    0    0    0    0    0    0    0    0]
