[29 35 68 41 56 54 76 37  3  0  0  0  0  0  0  0  0  0  0  0  0  0  0  0
  0]
[ 22  53  69  81  72  91 119  97  23   7   1   0   0   0   0   0   0   0
   0   0   0   0   0   0   0]
[ 78  92  99  87  92 109 211 151  39  12   1   0   0   0   0   0   0   0
   0   0   0   0   0   0   0]
[ 74  95 109 120 111 130 210 174  81  19   7   0   0   0   0   0   0   0
   0   0   0   0   0   0   0]
[ 59  84  72 104  81 111 117 134 102  37   5   0   1   0   0   0   0   0
   0   0   0   0   0   0   0]
[ 28  41  66  57  83  86 124 131  90  42  10   0   0   0   0   0   0   0
   0   0   0   0   0   0   0]
[ 30  30  47  49  60  88 134 126  95  36  10   0   0   0   0   0   0   0
   0   0   0   0   0   0   0]
[  9  17  25  27  59  86 135 195 128  39  15   1   0   0   0   0   0   0
   0   0   0   0   0   0   0]
[ 11  12  10  21  47  76 133 236 164  76  12   3   0   0   1   0   0   0
   0   0   0   0   0   0   0]
[ 14  11   8  15  23  67 144 240 189  82  19   3   0   0   0   0   0   0
   0   0   0   0   0   0   0]
[  5   2   4   8  25  59 156 218 151  83  20   4   0   0   0   0   0   0
   0   0   0   0   0   0   0]
[  7   6   5   2  24  49 159 241 181  95  25   4   5   0   0   0   0   0
   0   0   1   0   0   0   0]
[  9   6   6  12  13  55 140 207 184 105  32   6   7   4   0   0   0   0
   0   0   0   0   0   0   0]
[  6   4   6   1  13  36 127 247 226 119  44  14   5   3   0   0   0   0
   0   0   0   0   0   0   0]
[  4   2   6   8   6  23 104 227 237 113  44  13   6   2   0   0   0   0
   0   1   0   0   0   0   0]
[  7   3   5   5   6  24  82 186 210 120  55  18   4   3   0   0   0   0
   0   0   0   0   0   0   0]
[  8   3   1   2   7  18  82 168 173 105  55  15   9   5   0   0   0   0
   0   0   0   0   0   0   0]
[  1   3   1   1   6   9  52 166 201 140  62  15   6   3   0   1   0   0
   0   0   0   0   0   0   0]
[  5   0   1   6   8   9  64 197 264 198  74  34   6   6   0   0   0   0
   0   1   0   0   0   0   0]
[  5   1   0   1   5  12  59 184 293 245 131  58  21  10   2   0   0   0
   0   8   2   0   0   0   0]
