[ 305  674 1084 1262 1065  850  531  211   44   13    5    0    0    0
    0    0    0    0    0    0    0    0    0    0    0]
[104 209 357 470 507 412 374 127  32   7   1   0   0   0   0   0   0   0
   0   0   0   0   0   0   0]
[ 72 114 183 211 283 341 279 147  40   8   2   0   0   0   0   0   0   0
   0   0   0   0   0   0   0]
[124 245 336 422 561 754 699 360 139  22   4   0   0   0   0   0   0   0
   0   0   0   0   0   0   0]
[ 114  214  377  421  563  909 1068  630  273   53    9    3    0    0
    0    0    0    0    0    0    0    0    0    0    0]
[ 58 113 131 227 274 528 710 541 227  64  11   2   0   0   0   0   0   0
   0   0   0   0   0   0   0]
[ 17  40  60  62 110 212 364 244  95  30   4   0   0   0   0   0   0   0
   0   0   0   0   0   0   0]
[  8  20  46  57 112 367 600 428 208  59  24   3   0   0   0   0   0   0
   0   0   0   0   0   0   0]
[   9   15   20   66  152  470 1043  878  437  142   31    3    0    1
    0    0    0    0    0    0    0    0    0    0    0]
[  5   3  15  37 100 339 981 999 533 169  25   1   0   0   0   0   0   0
   0   0   0   0   0   0   0]
[  1   4   6  19  45 181 453 475 322 133  27   6   1   0   0   0   0   0
   0   0   0   0   0   0   0]
[  3   3   6  14  32 135 443 478 304 135  41   3   1   0   0   0   0   0
   0   0   0   0   0   0   0]
[  4   4   5  11  36 149 576 766 537 209  56  20   1   0   0   0   0   0
   0   0   0   0   0   0   0]
[  7   5   5  12  20 122 538 874 622 256  78  15   2   0   0   0   0   0
   0   0   0   0   0   0   0]
[  5   1   4   4  15  61 311 551 371 189  73  13   3   0   0   0   0   0
   0   0   0   0   0   0   0]
[ 11   4   5  11   8  42 240 470 333 187  81  24   5   0   0   0   0   0
   0   0   0   0   0   0   0]
[ 10   9   4   8  14  32 272 744 576 228 117  43   9   3   0   0   0   0
   0   0   0   0   0   0   0]
[  25   13   18   18   21   41  398 1244 1207  534  180   61   23    3
    0    0    0    0    0    0    0    0    0    0    0]
[  19    8   15   14   18   26  312 1139 1314  642  220   63   15    3
    0    0    0    0    0    0    0    0    0    0    0]
[  12    3    9   13   21   24  257 1213 1597  867  318  112   45   10
    8    4    1    0    0    0    0    0    0    0    0]
