[15 20 17 17 21 12  2  2  4  0  0  0  0  0  0  0  0  0  0  0  0  0  0  0
  0]
[ 7 15 26 22 25 24 10  3  1  0  0  0  0  0  0  0  0  0  0  0  0  0  0  0
  0]
[ 6 13 20 16 17 17  6  5  1  1  1  0  0  0  0  0  0  0  0  0  0  0  0  0
  0]
[ 8 19 30 43 36 27 29 14  6  1  0  0  0  0  0  0  0  0  0  0  0  0  0  0
  0]
[ 4  6 20 16 15 25 23 20 13  0  1  0  0  0  0  0  0  0  0  0  0  0  0  0
  0]
[ 5  8 14 16 14 10 14 14  5  5  1  0  0  0  0  0  0  0  0  0  0  0  0  0
  0]
[ 9  4 10 17 16 18 19 28  8  4  0  0  1  0  0  0  0  0  0  0  0  0  0  0
  0]
[ 2  6  9  4 10 31 21 34 23 17  2  1  0  0  0  0  0  0  0  0  0  0  0  0
  0]
[ 1  2  3  9  8 17 33 32 18 12  4  0  0  0  0  0  0  0  0  0  0  0  0  0
  0]
[ 1  2  1  2  5  8 15 16 18  4  1  0  0  0  0  0  0  0  0  0  0  0  0  0
  0]
[ 0  0  1  1  2  8 17 24 15  6  0  0  0  0  0  0  0  0  0  0  0  0  0  0
  0]
[ 0  0  1  0  1  9 30 28 21 15  9  1  0  0  0  0  0  0  0  0  0  0  0  0
  0]
[ 1  0  2  0  1  8 22 36 19 15  6  2  0  0  0  0  0  0  0  0  0  0  0  0
  0]
[ 0  0  0  0  2  5 17 26 20 14  8  0  0  0  0  0  0  0  0  0  0  0  0  0
  0]
[ 0  0  0  0  0  8 12 35 24 12  7  1  0  0  0  0  0  0  0  0  0  0  0  0
  0]
[ 2  0  0  1  0  0 18 30 25 17 14  6  0  0  0  0  0  0  0  0  0  0  0  0
  0]
[ 0  0  0  1  1  7 17 58 58 24 18  3  2  0  0  0  0  0  0  0  0  0  0  0
  0]
[ 0  0  0  0  2  5 16 46 55 34 15  8  5  0  0  0  0  0  0  0  0  0  0  0
  0]
[ 0  0  0  0  0  3 26 53 61 45 23 11  4  0  0  0  0  0  0  0  0  0  0  0
  0]
[  0   0   0   0   0   3  24 100 127  75  41  14   6   3   1   1   0   0
   0   0   0   0   0   0   0]
