[21 49 56 50 37 24 11  2  2  0  0  0  0  0  0  0  0  0  0  0  0  0  0  0
  0]
[24 59 79 61 58 40 18 10  4  1  0  0  0  0  0  0  0  0  0  0  0  0  0  0
  0]
[16 54 67 93 69 60 30 13  1  1  0  0  0  0  0  0  0  0  0  0  0  0  0  0
  0]
[16 30 44 39 52 63 41 29  6  1  0  0  0  0  0  0  0  0  0  0  0  0  0  0
  0]
[ 5 25 30 29 33 63 57 28 10  0  0  0  0  0  0  0  0  0  0  0  0  0  0  0
  0]
[ 7 18 23 37 25 51 58 43 12  1  0  0  0  0  0  0  0  0  0  0  0  0  0  0
  0]
[ 5 20 23 29 38 70 72 45 20  7  0  0  0  0  0  0  0  0  0  0  0  0  0  0
  0]
[ 2  5  7 14 20 48 65 43 11  5  3  1  0  0  0  0  0  0  0  0  0  0  0  0
  0]
[ 1  4  7  6 13 24 69 40 18  8  4  1  0  0  0  0  0  0  0  0  0  0  0  0
  0]
[ 1  0  2  4 15 25 78 55 28  8  3  0  0  0  0  0  0  0  0  0  0  0  0  0
  0]
[ 2  0  2  1 15 24 62 77 41 16  5  0  0  0  0  0  0  0  0  0  0  0  0  0
  0]
[ 1  0  0  1  9 22 70 54 38 18  5  0  0  0  0  0  0  0  0  0  0  0  0  0
  0]
[ 0  0  1  0  3 15 72 74 48 29  7  4  1  0  0  0  0  0  0  0  0  0  0  0
  0]
[ 1  0  1  1  6 12 73 99 54 31 12  1  0  0  0  0  0  0  0  0  0  0  0  0
  0]
[ 0  1  1  0  2 17 59 85 87 35 13  6  0  1  0  0  0  0  0  0  0  0  0  0
  0]
[  0   0   0   0   2  14  57 136 108  45  31  13   2   0   0   0   0   0
   0   0   0   0   0   0   0]
[  1   1   0   3   3   4  63 154 125  58  52  31   6   0   0   0   0   0
   0   0   0   0   0   0   0]
[  2   0   0   0   2   7  62 173 150  94  63  38   9   0   0   0   0   0
   0   0   0   0   0   0   0]
[  0   0   1   1   0   6  60 221 208 149  73  37  18   0   0   0   0   0
   0   0   0   0   0   0   0]
[  1   0   0   2   2   5  69 229 352 194 108  65  48  19   9   1   0   0
   0   5   1   0   0   0   0]
