[154 248 307 327 315 382 645 758 171  39   6   0   0   1   1   0   0   0
   0   0   0   0   0   0   0]
[112 157 194 225 291 387 629 705 214  40   8   3   0   0   0   0   0   0
   0   0   0   0   0   0   0]
[ 56 108 152 184 243 332 544 562 178  50   4   0   1   1   0   1   0   0
   0   0   0   0   0   0   0]
[ 30  68 105 141 211 276 471 564 169  30   5   0   0   1   0   0   0   0
   0   0   0   0   0   0   0]
[ 30  39  67  85 139 225 390 552 179  41  15   3   0   5   3   0   0   0
   0   0   0   0   0   0   0]
[ 18  26  28  51 127 201 361 530 189  49   4   0   1   1   4   1   0   0
   0   0   0   0   0   0   0]
[  7   7   6  34 107 146 389 521 228  52   7   0   0   3   0   2   0   0
   0   0   0   0   0   0   0]
[ 11   5  10  16  80 148 289 411 172  60   7   3   1   1   1   0   0   0
   0   0   0   0   0   0   0]
[ 16  11   2  25  88 144 281 379 167  70  19   2   0   1   2   0   0   0
   0   0   0   0   0   0   0]
[  7   9  10  19  39 118 189 252 136  34   9   5   1   1   0   0   0   0
   0   0   0   0   0   0   0]
[  8   1   1   9  35 100 200 223 111  31  16   4   0   0   0   0   0   0
   0   0   0   0   0   0   0]
[  6   4   1   8  21  81 156 199 125  58  21   4   1   0   0   0   0   0
   0   0   0   0   0   0   0]
[  2   1   0   3  15  44 127 184 110  64  23   3   0   0   0   0   0   0
   0   0   0   0   0   0   0]
[ 0  2  0  4  9 17 39 62 84 55 26  5  2  0  0  0  0  0  0  0  0  0  0  0
  0]
[ 0  1  0  2  1  3 28 54 40 36 10  3  0  0  0  0  0  0  0  0  0  0  0  0
  0]
[ 0  0  0  2  1  5 11 34 40 24  8  4  3  0  0  0  0  0  0  0  0  0  0  0
  0]
[ 0  0  0  0  0  1 13 29 35 10  2  4  0  2  0  0  0  0  0  0  0  0  0  0
  0]
[ 0  0  0  0  0  2  2  8 13 10  1  1  0  0  0  0  0  0  0  0  0  0  0  0
  0]
[ 0  0  0  0  0  0  1  3 14 11  2  0  0  0  0  0  0  0  0  0  0  0  0  0
  0]
[0 0 0 0 0 0 0 2 7 7 0 0 0 0 0 0 0 0 0 0 0 0 0 0 0]
