[ 48  99 121 119  82  47  31   6   3   0   0   0   0   0   0   0   0   0
   0   0   0   0   0   0   0]
[ 35 105 173 154 128  88  60  22  10   0   0   0   0   0   0   0   0   0
   0   0   0   0   0   0   0]
[ 28  70 107 117 142 145  81  37   7   2   0   0   0   0   0   0   0   0
   0   0   0   0   0   0   0]
[ 25  43  79  96 114 119  93  45  18   4   0   0   0   0   0   0   0   0
   0   0   0   0   0   0   0]
[ 21  51  69  63 101 103 106  68  25   5   0   0   1   0   0   0   0   0
   0   0   0   0   0   0   0]
[ 12  34  48  39  51  89 109  70  28   6   2   0   0   0   0   0   0   0
   0   0   0   0   0   0   0]
[16 14 34 30 52 80 89 73 38 14  3  0  0  0  0  0  0  0  0  0  0  0  0  0
  0]
[ 6  8 17 20 37 59 88 80 43  5  0  0  0  0  0  0  0  0  0  0  0  0  0  0
  0]
[ 3  5  6  9 20 53 84 55 44 11  4  1  0  0  0  0  0  0  0  0  0  0  0  0
  0]
[ 0  2  5  4 22 62 88 92 51 27  1  1  0  0  0  0  0  0  0  0  0  0  0  0
  0]
[  0   1   1   6  22  61  96 117  63  33   2   1   1   1   0   0   0   0
   0   0   0   0   0   0   0]
[  3   2   1   3  17  40  96 137  98  34   9   0   0   0   0   0   0   0
   0   0   0   0   0   0   0]
[  1   0   0   0  11  41  88 132  90  45  10   7   2   0   0   0   0   0
   0   0   0   0   0   0   0]
[  1   0   1   2   9  37 100 147  94  55  23   5   2   1   0   0   0   0
   0   0   0   0   0   0   0]
[  1   0   0   1  12  26 128 184 158  94  44  16   2   0   0   0   0   0
   0   1   4   0   0   0   0]
[  0   0   2   4   5  30 108 234 178 122  81  16   6   1   0   0   0   0
   0   1   2   0   0   0   0]
[  0   1   4   0   5  13  90 222 207 138  92  37  11   1   0   0   0   0
   0   5   0   0   0   0   0]
[  0   3   1   3   4  12  91 218 289 203 129  61  21   6   1   0   1   0
   3   4   9   0   0   0   0]
[  2   0   2   2   5  21 102 319 443 317 168  87  20   4   0   1   0   0
   0  16  11   0   0   0   0]
[  2   2   0   3   5  11 105 366 499 390 259 143  62  24   6   5   1   0
   1  31  42   0   0   0   0]
