[ 43  57  59  76 103 130  77  52   8   1   0   0   0   0   0   0   0   0
   0   0   0   0   0   0   0]
[ 64  75  64  78  64 119 112 112  36   2   0   0   0   0   0   0   0   0
   0   0   0   0   0   0   0]
[ 30  38  55  45  67  87 165 191  96  36   5   0   0   0   0   0   0   0
   0   0   0   0   0   0   0]
[ 20  20  25  37  47  77 160 251 136  48   7   2   0   0   0   0   0   0
   0   0   0   0   0   0   0]
[  5  16  18  11  27  60 171 270 138  44  13   6   0   0   0   0   0   0
   0   0   0   0   0   0   0]
[  8  34  31  34  30  69 137 195 183  93  16   2   0   1   0   0   0   0
   0   0   0   0   0   0   0]
[ 11  15  20  31  40  96 160 212 240 109  23   4   0   0   0   0   0   0
   0   0   0   0   0   0   0]
[  5   9  11  25  29  72 134 290 418 132  26   2   0   0   0   0   0   0
   0   0   0   0   0   0   0]
[  6   1   3  11   8  59 121 148 141  58  21   5   3   0   0   0   0   0
   0   0   0   0   0   0   0]
[  1   6   8  11  31  99 101 126  94  64  33  10   1   0   0   0   0   0
   0   0   0   0   0   0   0]
[  2   1   1   2  12  41 112 123 148  66  25  16   3   0   0   0   0   0
   0   0   0   0   0   0   0]
[  3   0   3   4   4  28 100 162 147  86  30   9   2   1   0   0   0   0
   0   0   0   0   0   0   0]
[  1   0   2   2  11  34  75 127 104 100  32   8   2   1   0   0   0   0
   0   0   0   0   0   0   0]
[  1   2   0   0   0  10  55 131  83  68  28   7   5   1   0   0   0   0
   0   0   6   0   0   0   0]
[  4   2   1   0   3  10  55 105 102  68  43  14   5   2   0   0   0   0
   0   5   8   0   0   0   0]
[ 5  4  2  0  2  6 30 94 84 88 53 19  2  0  0  0  0  0  0  0  0  0  0  0
  0]
[ 3  0  2  3  1 14 28 83 96 79 32 16  5  0  0  0  0  0  0  0  0  0  0  0
  0]
[ 1  2  3  5  5 10 28 59 88 81 45 26  5  4  0  0  0  0  0  0  0  0  0  0
  0]
[ 3  2  1  3 11 15 35 73 83 70 48 36 13  5  2  0  0  0  0  4  0  0  0  0
  0]
[ 1  2  1  0  2  4 35 72 97 75 66 53 13  2  1  1  1  0  0  1  1  0  0  0
  0]
