[3 4 5 9 2 8 5 4 0 0 0 0 0 0 0 0 0 0 0 0 0 0 0 0 0]
[18 14 23 22 29 14 11  9  3  0  0  0  0  0  0  0  0  0  0  0  0  0  0  0
  0]
[90 80 79 73 73 61 70 87 10  1  1  0  0  0  0  0  0  0  0  0  0  0  0  0
  0]
[ 75 103 153 168 164 127 145 164  19   6   0   0   0   0   0   0   0   0
   0   0   0   0   0   0   0]
[ 70 137 191 222 255 199 243 214  48  26   5   3   0   0   0   0   0   0
   0   0   0   0   0   0   0]
[ 74 110 195 260 305 315 323 300  77  29  19   7   4   0   0   0   0   0
   0   0   0   0   0   0   0]
[ 56  73 135 222 258 301 380 289 106  57  31  14   5   0   0   0   0   0
   0   0   0   0   0   0   0]
[ 53  57 106 189 321 345 511 393 161  73  53  50  21   1   0   0   0   0
   0   0   0   0   0   0   0]
[ 27  40  90 149 224 341 466 440 193 149 124 150  52   0   0   0   0   0
   0   0   0   0   0   0   0]
[ 37  49  71 127 174 259 471 463 277 310 404 685 392  19   4   0   0   0
   0   0   0   0   0   0   0]
[ 53  50  71  85 146 254 454 474 277 332 431 592 259  10   0   0   0   0
   0   0   0   0   0   0   0]
[ 24  44  38  49 117 177 359 440 298 241 248 380 209  28   0   0   0   0
   0   0   0   0   0   0   0]
[ 25  38  27  44  62 146 256 391 351 298 307 391 269  28   0   0   0   0
   0   0   0   0   0   0   0]
[ 19  21  36  47  60  98 229 384 390 306 299 379 329  39   0   0   0   0
   0   0   0   0   0   0   0]
[ 16  30  39  57  52  86 221 382 390 371 393 388 265  80   4   0   0   0
   0   0   0   0   0   0   0]
[ 14  20  29  50  75 105 235 402 483 443 382 436 273 141   7   0   0   0
   0   0   0   0   0   0   0]
[ 12  12  24  48  74 142 305 550 657 457 472 454 351 241  12   0   0   0
   0   0   0   0   0   0   0]
[ 10  18  24  36  76 160 335 735 770 606 510 471 363 163  13   0   0   0
   0   0   0   0   0   0   0]
[   4    8   21   31   57  198  455  940 1098  834  649  592  429  221
   40    0    0    0    0    0    0    0    0    0    0]
[   5    3   16   33  139  425  846 1665 1688 1343 1153  965  701  395
   75    1    0    0    0    1    0    0    0    0    0]
