[ 2  5 11  6  5  3  4  4  0  0  0  0  0  0  0  0  0  0  0  0  0  0  0  0
  0]
[ 1  6 11 12  3 11  9  7  1  0  0  0  0  0  0  0  0  0  0  0  0  0  0  0
  0]
[ 8  6 12  7 16  7  7  7  3  2  0  0  0  0  0  0  0  0  0  0  0  0  0  0
  0]
[ 8  7 18 20 20 18 16 15 11  2  0  0  0  0  0  0  0  0  0  0  0  0  0  0
  0]
[ 2  5 14 11 17 24 32 36 12  3  0  1  0  0  0  0  0  0  0  0  0  0  0  0
  0]
[ 5  4  2 11 14 19 48 49 49 16  2  2  0  0  0  0  0  0  0  0  0  0  0  0
  0]
[ 3  3  4  5  4 14 39 56 46 29  3  1  0  0  0  0  0  0  0  0  0  0  0  0
  0]
[ 2  8  3  7 16 10 20 40 45 26  6  6  0  1  0  0  0  0  0  0  0  0  0  0
  0]
[ 1  0  3  6  4 15 18 48 47 38 26 13  2  0  0  0  0  0  0  0  0  0  0  0
  0]
[ 1  3  3  6 10 17 26 55 60 47 28 14  7  0  0  0  0  0  0  0  0  0  0  0
  0]
[ 2  5  4  5 12 20 30 54 79 85 55 32 16  4  0  0  0  0  0  0  0  0  0  0
  0]
[  6   5   3   6  16  24  49  67  70 102  89  81  62   9   0   0   0   0
   0   0   0   0   0   0   0]
[  5  12   8  22  18  42  54  93 121 112 144 144  91   7   0   0   0   0
   0   0   0   0   0   0   0]
[  3   6  10  18  22  39  65 120 126 147 130 157 119   9   0   0   0   0
   0   0   0   0   0   0   0]
[  8   7  14  21  16  43  86 153 148 147 135 145 116  13   1   0   0   0
   0   0   0   0   0   0   0]
[  7   8  12  21  33  49  76 131 145 154 135 137 113  39   2   0   1   0
   0   0   0   0   0   0   0]
[ 20  16  19  28  38  59 116 155 190 198 179 139  86  61   5   1   1   0
   0   0   0   0   0   0   0]
[ 14  17  12  25  50  45 112 177 208 215 188 172 128  74   8   2   0   0
   1   2   0   0   0   0   0]
[ 13  12  25  30  49  70 136 227 277 278 279 274 226 158  30   0   0   0
   2   0   0   0   0   0   0]
[ 17  22  23  39  71 125 181 337 443 517 533 503 441 255  67   7   2   2
   2   1   0   0   0   0   0]
