[ 42  66 102 146 171 222 316 298 106  69  26   3   0   0   0   0   0   0
   0   0   0   0   0   0   0]
[ 39  58  86 124 139 221 297 307 127  78  30   4   3   0   0   0   0   0
   0   0   0   0   0   0   0]
[ 59  57  73 105 133 213 337 399 176 111  51  10   1   0   0   1   0   0
   0   0   0   0   0   0   0]
[ 65  71  70  87 140 501 353 426 190 131  67  24   0   1   0   0   0   0
   0   0   0   0   0   0   0]
[ 59  69  79 661 122 185 628 388 237 161 111  43  10   3   0   0   0   0
   0   0   0   0   0   0   0]
[ 61  50  57  68 106 165 313 635 184 181 196  45  11   2   1   0   0   0
   0   0   0   0   0   0   0]
[ 29  39  46  52  80 156 263 319 229 205 209  52   5   2   0   0   0   0
   0   0   0   0   0   0   0]
[ 31  23  39  41 366 412 249 322 249 231 195  70  17   3   0   0   0   0
   0   0   0   0   0   0   0]
[ 22  27  35  43  73 413 258 353 232 237 280 109  23   1   0   0   0   0
   0   0   0   0   0   0   0]
[  18   29   21   48   74  117  477  301  221  240 1145  718   46    2
    0    0    0    0    0    0    0    0    0    0    0]
[ 10  15  30  32  49  91 156 230 204 191 177 119  31   4   0   0   0   0
   0   0   0   0   0   0   0]
[  8  14  11  15  41  58 157 223 165 124 153  99  34   2   0   0   0   0
   0   0   0   0   0   0   0]
[  6  10   7  19  46  60  98 173 133 147 109 119  50   2   0   0   0   0
   0   0   0   0   0   0   0]
[  6   6   3  12  25  46  88 138 114 100  94  63  37   3   0   0   0   0
   0   0   0   0   0   0   0]
[  2   3   3   6  16  44  89 137 110  84  63  65  36   9   0   0   0   0
   0   0   0   0   0   0   0]
[ 0  3  3  7 21 30 54 93 72 57 42 43 23 12  0  0  0  0  0  0  0  0  0  0
  0]
[ 0  0  4  9 23 39 62 95 74 56 41 32 23  7  0  0  0  0  0  0  0  0  0  0
  0]
[ 3  1  1  3 15 28 48 85 68 42 37 35 33 22  0  0  0  0  0  0  0  0  0  0
  0]
[ 0  0  2  2  8 23 39 75 51 49 39 28 34 20  0  1  0  0  0  0  0  0  0  0
  0]
[ 0  1  0  0  3 16 27 36 26 22 13 11  4  2  1  0  0  0  0  0  0  0  0  0
  0]
