[ 3 17 34 31 15 15 11  2  0  0  0  0  0  0  0  0  0  0  0  0  0  0  0  0
  0]
[ 7  7  5 12  9  4  3  1  0  1  0  0  0  0  0  0  0  0  0  0  0  0  0  0
  0]
[ 3  3  5  4  6 11  3  1  0  0  0  0  0  0  0  0  0  0  0  0  0  0  0  0
  0]
[ 3  7  3  7 10 12  8  2  2  0  0  0  0  0  0  0  0  0  0  0  0  0  0  0
  0]
[ 1  8 10 13  9 12 16 13  4  1  0  0  0  0  0  0  0  0  0  0  0  0  0  0
  0]
[ 1  3  9  4  3 14 14  7  1  1  0  0  0  0  0  0  0  0  0  0  0  0  0  0
  0]
[0 0 1 2 2 2 4 2 2 0 0 0 0 0 0 0 0 0 0 0 0 0 0 0 0]
[0 0 0 3 1 2 9 5 1 0 0 0 0 0 0 0 0 0 0 0 0 0 0 0 0]
[ 0  2  0  0  6 10 12  6  7  1  0  0  0  0  0  0  0  0  0  0  0  0  0  0
  0]
[ 0  1  3  1  4 11 15 21 10  5  0  0  0  0  0  0  0  0  0  0  0  0  0  0
  0]
[ 0  1  0  0  4  9 15 15  5  2  0  1  0  0  0  0  0  0  0  0  0  0  0  0
  0]
[0 0 0 0 0 2 5 3 3 1 0 0 0 0 0 0 0 0 0 0 0 0 0 0 0]
[0 1 0 1 1 3 6 7 8 2 0 0 0 0 0 0 0 0 0 0 0 0 0 0 0]
[ 0  2  0  1  2  4 13 12 12  3  1  0  1  1  0  0  0  0  0  0  0  0  0  0
  0]
[ 0  0  0  1  2  7  9 14  8  3  1  2  0  0  0  0  0  0  0  0  0  0  0  0
  0]
[0 1 3 1 1 5 7 7 5 3 1 0 0 0 0 0 0 0 0 0 0 0 0 0 0]
[ 2  2  1  4  8  2  7 11  8  5  3  2  0  1  0  0  0  0  0  0  0  0  0  0
  0]
[ 4  7  4 15 12 16 20 28 20 16 23 15  9  4  0  0  0  0  0  0  0  0  0  0
  0]
[ 5  1  7 20 31 26 38 41 41 25 27 23 15 11  1  0  0  0  0  0  0  0  0  0
  0]
[18  9  9 22 44 47 41 50 33 36 31 35 19 13  2  3  0  0  0  0  0  0  0  0
  0]
