[ 2  8 12  8  5  3  3  1  1  0  0  0  0  0  0  0  0  0  0  0  0  0  0  0
  0]
[ 2  5 11 18  7  4  3  0  0  0  0  0  0  0  0  0  0  0  0  0  0  0  0  0
  0]
[0 3 1 4 2 6 4 2 0 0 0 0 0 0 0 0 0 0 0 0 0 0 0 0 0]
[1 0 1 1 5 4 2 0 0 0 0 0 0 0 0 0 0 0 0 0 0 0 0 0 0]
[0 3 2 0 5 2 3 1 1 0 0 0 0 0 0 0 0 0 0 0 0 0 0 0 0]
[3 2 4 7 9 4 7 7 1 0 0 0 0 0 0 0 0 0 0 0 0 0 0 0 0]
[1 0 1 2 3 8 3 3 1 0 0 0 0 0 0 0 0 0 0 0 0 0 0 0 0]
[0 0 0 0 0 5 5 4 0 0 0 0 0 0 0 0 0 0 0 0 0 0 0 0 0]
[0 0 0 0 0 2 3 2 0 0 0 0 0 0 0 0 0 0 0 0 0 0 0 0 0]
[1 1 0 1 1 1 4 3 2 1 0 0 0 0 0 0 0 0 0 0 0 0 0 0 0]
[ 0  0  0  0  4  4  9 12  6  1  1  0  0  0  0  0  0  0  0  0  0  0  0  0
  0]
[0 0 0 0 2 4 0 2 0 0 0 0 0 0 0 0 0 0 0 0 0 0 0 0 0]
[2 0 0 0 1 1 1 2 1 4 1 0 0 0 0 0 0 0 0 0 0 0 0 0 0]
[0 0 1 0 3 2 2 4 6 1 2 0 0 0 0 0 0 0 0 0 0 0 0 0 0]
[ 0  0  0  0  0  0  8 15  7  4  5  0  0  0  0  0  0  0  0  0  0  0  0  0
  0]
[0 1 0 1 2 0 8 4 5 2 0 1 0 0 0 0 0 0 0 0 0 0 0 0 0]
[0 0 4 0 3 4 3 5 4 2 3 1 0 1 0 0 0 0 0 0 0 0 0 0 0]
[ 1  3  1  0  8  0  6 10  1  4  3  1  0  0  0  0  0  0  0  0  0  0  0  0
  0]
[ 1  0  3  3  3  4  3 22 14 17  4  3  0  0  0  0  0  0  0  0  0  0  0  0
  0]
[ 1  1  1  0  0  4 10 22 20 12  3  1  0  2  0  0  0  0  0  0  0  0  0  0
  0]
