[ 16  19  33  46  70  92 109  69   9   3   0   0   0   0   0   0   0   0
   0   0   0   0   0   0   0]
[17 22 36 37 37 49 91 88 17  3  2  0  0  0  0  0  0  0  0  0  0  0  0  0
  0]
[ 26  34  20  51  46  44  88 118  41   9   2   0   0   0   0   0   0   0
   0   0   0   0   0   0   0]
[ 15  13  27  39  46  70 105 150  54  17   8   1   0   0   0   0   0   0
   0   0   0   0   0   0   0]
[ 12  21  25  26  39  56 109 156  57  19  12   2   1   0   0   0   0   0
   0   0   0   0   0   0   0]
[ 13  26  24  24  27  40  97 176  98  32  20   8   2   0   0   0   0   0
   0   0   0   0   0   0   0]
[  7  10   8  14  24  54  94 157 123  42  23   7   2   0   1   0   0   0
   0   0   0   0   0   0   0]
[  2   3  10  16  21  28  85 159 122  81  80  25   5   1   0   0   0   0
   0   0   0   0   0   0   0]
[  4   6   3  12  28  28  70 138 124  96  73  34  10   0   0   0   0   0
   0   0   0   0   0   0   0]
[  6   2   9   8  15  33  59 119 123  67  70  37  17   2   0   0   0   0
   0   0   0   0   0   0   0]
[  2   4  12   7  20  40  75 110 111  93  70  60  18   1   0   0   0   0
   0   0   0   0   0   0   0]
[  6   1   8  11  21  30  71 126 116  94 107  85  43   3   0   0   0   0
   0   0   0   0   0   0   0]
[  6   3   5  11  19  18  68 132 111 109 132 111  90   8   0   0   0   0
   0   0   0   0   0   0   0]
[  8   6  15  17  35  58 112 183 160 152 181 252 165  27   0   0   0   0
   1   0   0   0   0   0   0]
[  2   3   7  26  31  64 124 191 207 204 150 182 167  37   1   0   0   0
   0   0   0   0   0   0   0]
[  6   7  16  20  40  77 112 211 218 198 221 214 200  84   3   0   0   0
   0   0   0   0   0   0   0]
[  5   8  10  20  49  89 138 241 238 205 207 224 185  83   8   0   0   0
   0   0   0   0   0   0   0]
[  8   9   9  17  35  80 165 291 293 237 257 228 247 129  12   0   0   0
   0   0   0   0   0   0   0]
[  3   8   7  18  51 104 205 361 339 319 337 348 314 230  47   0   0   0
   1   1   0   0   0   0   0]
[  4   7  22  24  53 155 313 596 622 644 700 742 634 434  96   1   2   0
   0   0   0   0   0   0   0]
