[ 4  8  9 10 12 23 11  4  1  0  0  0  0  0  0  0  0  0  0  0  0  0  0  0
  0]
[33 34 36 37 46 32 35 36 10  4  1  1  0  0  0  0  0  0  0  0  0  0  0  0
  0]
[ 86  70  62  61  71  53 138 168  57   8   1   0   0   0   0   0   0   0
   0   0   0   0   0   0   0]
[ 96  91  83  66  63  72 183 279 108  20   3   1   0   0   0   0   0   0
   0   0   0   0   0   0   0]
[ 64  93 153 143  91 114 217 645 152  45  11   3   0   0   0   0   0   0
   0   0   0   0   0   0   0]
[ 76  93 155 206 168 103 313 475 248  96  25  11   0   0   0   0   0   0
   0   0   0   0   0   0   0]
[120  98 154 170 140 494 322 550 386 113  31  13   4   2   0   0   0   0
   0   0   0   0   0   0   0]
[ 15  48  59  74  86 109 193 445 302 122 109  49  12   0   0   0   0   0
   0   0   0   0   0   0   0]
[ 14  27  38  54  47  66 157 288 286 280 247 191 135  12   0   0   0   0
   0   0   0   0   0   0   0]
[ 14  15  22  33  51  50 157 281 547 202 307 337 157   4   0   0   0   0
   0   0   0   0   0   0   0]
[ 11  11  20  29  37  72 194 277 242 175 218 207  81  18   1   0   0   0
   0   0   0   0   0   0   0]
[  5  10  15  17  25  69 169 598 226 256 202 226 443  32   1   0   0   0
   0   0   0   0   0   0   0]
[  6   4  16  19  22  71 135 242 194 468 190 255 141  51   2   0   0   0
   0   0   0   0   0   0   0]
[  4   4   6  15  29  49 136 235 212 166 168 290 184  42   2   0   0   0
   0   0   0   0   0   0   0]
[  8   7  11  22  29  60 110 233 260 195 187 228 149  43   4   0   0   0
   0   0   0   0   0   0   0]
[  3   2  11  28  55  80 142 281 342 259 177 242 160  52   1   1   0   0
   0   0   0   0   0   0   0]
[  3   2   7  23  44  93 197 354 359 241 207 240 191 119  12   0   0   0
   0   0   0   0   0   0   0]
[  0   5   9  28  75 193 324 492 535 369 354 334 370 203  10   0   0   0
   2   2   0   0   0   0   0]
[   4    7    9   27  129  426  773 1347 1029  742  719  923  951  508
   55    0    0    0    0    0    0    0    0    0    0]
[   6    3   25  123  474 1024 1696 2271 2071 2388 2651 3056 2422 1002
  190   28   16   10    5    3    0    0    0    0    0]
