[11 15 32 21 17  7  7  0  0  0  0  0  0  0  0  0  0  0  0  0  0  0  0  0
  0]
[ 1  6 15 18  9  5  5  3  1  0  0  0  0  0  0  0  0  0  0  0  0  0  0  0
  0]
[1 3 0 2 3 1 1 0 1 0 0 0 0 0 0 0 0 0 0 0 0 0 0 0 0]
[ 5  5  5  5 14 10  5  1  0  0  0  0  0  0  0  0  0  0  0  0  0  0  0  0
  0]
[ 8  4 14  8 15 15 16  7  4  0  0  0  0  0  0  0  0  0  0  0  0  0  0  0
  0]
[ 1  7  7  9  9 16 14 12  4  0  0  0  0  0  0  0  0  0  0  0  0  0  0  0
  0]
[1 2 2 1 3 3 3 2 0 0 0 0 0 0 0 0 0 0 0 0 0 0 0 0 0]
[0 0 0 0 0 3 5 4 1 1 0 0 0 0 0 0 0 0 0 0 0 0 0 0 0]
[0 1 1 0 2 2 4 5 1 0 0 0 0 0 0 0 0 0 0 0 0 0 0 0 0]
[ 0  0  0  2  4  9 22 13  5  3  2  0  0  0  0  0  0  0  0  0  0  0  0  0
  0]
[ 0  0  0  0  1  4 13 11  7  1  0  0  1  0  0  0  0  0  0  0  0  0  0  0
  0]
[0 0 0 0 0 0 1 7 2 2 0 0 0 0 0 0 0 0 0 0 0 0 0 0 0]
[ 0  0  0  0  2  4 11  6  5  1  1  0  0  0  0  0  0  0  0  0  0  0  0  0
  0]
[ 0  0  0  0  2  5  5 11 14  2  2  0  0  0  0  0  0  0  0  0  0  0  0  0
  0]
[ 1  0  0  1  1  5  7 10  9  6  2  0  0  0  0  0  0  0  0  0  0  0  0  0
  0]
[0 0 1 0 0 0 2 5 2 2 1 0 0 0 0 0 0 0 0 0 0 0 0 0 0]
[1 0 2 0 0 3 5 6 7 4 3 0 0 0 0 0 0 0 0 0 0 0 0 0 0]
[ 5  4  3  1  3  1  9 13 17 10  5  0  1  1  0  0  0  0  0  0  0  0  0  0
  0]
[ 4  0  3  4  7  0  5 13 14  6  5  3  0  0  0  0  0  0  0  0  0  0  0  0
  0]
[ 3  3  5  5  8  8 12 10 18  7  8  5  5  3  3  0  0  0  0  0  0  0  0  0
  0]
