[3 4 6 5 1 2 0 0 0 0 0 0 0 0 0 0 0 0 0 0 0 0 0 0 0]
[ 1  2 10  7  7  2  3  0  0  0  0  0  0  0  0  0  0  0  0  0  0  0  0  0
  0]
[1 2 1 7 8 1 2 1 0 0 0 0 0 0 0 0 0 0 0 0 0 0 0 0 0]
[1 2 5 7 7 8 4 2 1 0 0 0 0 0 0 0 0 0 0 0 0 0 0 0 0]
[ 2  3  2  4  5  5 12 13  1  0  0  0  0  0  0  0  0  0  0  0  0  0  0  0
  0]
[ 2  2  2  2  4  5 12  5  8  3  0  0  0  0  0  0  0  0  0  0  0  0  0  0
  0]
[0 1 0 3 0 4 6 5 4 6 5 0 0 0 0 0 0 0 0 0 0 0 0 0 0]
[0 0 1 1 1 4 5 4 6 2 1 4 0 0 0 0 0 0 0 0 0 0 0 0 0]
[ 0  0  0  0  2  6  4 11  7  8  7  9  3  0  0  0  0  0  0  0  0  0  0  0
  0]
[ 0  0  1  0  3  5  6 13  7  4  4  9  2  0  0  0  0  0  0  0  0  0  0  0
  0]
[ 1  0  0  1  0  3  5  4 10  7  3  6  4  0  0  0  0  0  0  0  0  0  0  0
  0]
[ 0  0  1  0  2  3  5 15 15 19 18 15 13  8  0  0  0  0  0  0  0  0  0  0
  0]
[ 0  2  2  1  3  2  9 20 31 14 19 28 22  6  0  0  0  0  0  0  0  0  0  0
  0]
[ 3  0  4  1  4  9 11 32 36 43 27 31 17  5  2  0  0  0  0  0  0  0  0  0
  0]
[ 3  4  7  6  0  7 11 37 64 67 53 44 27 16  3  0  0  0  0  0  0  0  0  0
  0]
[  2   3   3   6   6  11  24  43  92 104  63  44  28  12   2   0   0   0
   0   0   0   0   0   0   0]
[  5   3   7   8   8  21  22  75 101 111  74  60  33  10   1   0   0   0
   0   2   0   0   0   0   0]
[  4   5  13  19  22  41  47 147 202 160 117  75  40  13   6   1   0   0
   1   1   0   0   0   0   0]
[  5  10  24  14  20  41  74 146 198 174 156 114  41  29  11   0   0   1
   4   0   0   0   0   0   0]
[ 13  20  19  29  45  88 110 229 284 344 238 177 104  23  15   1   0   2
   4  11   0   0   0   0   0]
