[1 4 3 3 3 2 1 0 0 0 0 0 0 0 0 0 0 0 0 0 0 0 0 0 0]
[2 3 5 6 5 2 0 1 0 0 0 0 0 0 0 0 0 0 0 0 0 0 0 0 0]
[2 2 3 3 2 3 3 1 1 0 0 0 0 0 0 0 0 0 0 0 0 0 0 0 0]
[0 2 3 4 7 5 1 1 0 0 0 0 0 0 0 0 0 0 0 0 0 0 0 0 0]
[0 1 1 6 2 0 4 1 0 0 0 0 0 0 0 0 0 0 0 0 0 0 0 0 0]
[0 1 0 1 4 3 0 1 1 0 0 0 0 0 0 0 0 0 0 0 0 0 0 0 0]
[0 0 1 2 4 0 2 1 1 0 1 0 0 0 0 0 0 0 0 0 0 0 0 0 0]
[0 1 0 1 1 1 1 0 0 0 0 0 0 0 0 0 0 0 0 0 0 0 0 0 0]
[0 1 0 0 0 2 4 3 0 1 0 0 0 0 0 0 0 0 0 0 0 0 0 0 0]
[ 0  0  2  0  1  3  3  5  2  1  5  6 11  0  0  0  0  0  0  0  0  0  0  0
  0]
[0 0 0 0 0 2 2 9 8 4 2 3 1 0 0 0 0 0 0 0 0 0 0 0 0]
[ 1  0  1  1  1  1 10  4  7  5  3 16  6  0  0  0  0  0  0  0  0  0  0  0
  0]
[ 1  1  3  1  4  4 11 14 12 12 15 19 11  4  0  0  0  0  0  0  0  0  0  0
  0]
[ 0  4  1  3  7 12 29 25 20 19 21 25 25  1  0  0  0  0  0  0  0  0  0  0
  0]
[ 0  5 10 11 14 16 25 46 70 60 44 40 19  7  0  0  0  0  0  0  0  0  0  0
  0]
[ 5  9 21 26 22 31 40 99 89 78 84 56 19  8  0  0  0  0  0  0  0  0  0  0
  0]
[  3  12  19  24  27  32  59 153 151 123  95  81  25  21   1   0   0   0
   0   0   0   0   0   0   0]
[  3  10  15  23  43  66 118 208 261 197 147  97  53  44  16   0   0   0
   0   0   0   0   0   0   0]
[  1  15  22  37  73  93 171 325 459 433 347 270 165 157  62   0   0   0
   0   0   0   0   0   0   0]
[  21   20   40   61  141  345  621 1082 1330 1156  933  868  663  444
  131    4    1    0    0    4    0    0    0    0    0]
