[ 44 101 151 122 110  70  33  15   2   0   0   0   0   0   0   0   0   0
   0   0   0   0   0   0   0]
[ 47 112 138 120 112  89  47  26   9   2   0   1   0   0   0   0   0   0
   0   0   0   0   0   0   0]
[ 33  91 152 157 141 141  79  29   3   1   0   0   0   0   0   0   0   0
   0   0   0   0   0   0   0]
[ 38  71 113 113 135 145 115  57  13   2   0   0   1   0   0   0   0   0
   0   0   0   0   0   0   0]
[ 30  54  66  61  81 143 133  63  18   0   0   0   0   0   0   0   0   0
   0   0   0   0   0   0   0]
[ 15  31  45  62  71 101 121  88  26   3   1   0   0   0   0   0   0   0
   0   0   0   0   0   0   0]
[  8  29  39  42  64 127 132  90  49  14   1   0   0   0   0   0   0   0
   0   0   0   0   0   0   0]
[  6  13  13  21  40  88 144  83  26  12   6   3   0   0   0   0   0   0
   0   0   0   0   0   0   0]
[  6   6  15  14  26  59 140 114  43  18   7   1   0   0   0   0   0   0
   0   0   0   0   0   0   0]
[  2   2   7  11  25  76 146 117  58  23   8   2   0   0   0   0   0   0
   0   0   0   0   0   0   0]
[  4   2   3   2  20  73 126 163  91  31  10   0   1   0   0   0   0   0
   0   0   0   0   0   0   0]
[  1   0   0   3  11  48 156 148  95  56  14   1   0   0   0   0   0   0
   0   0   0   0   0   0   0]
[  1   2   2   0   4  45 150 171 134  62  30   4   1   0   0   0   0   0
   0   0   0   0   0   0   0]
[  2   0   2   2   8  26 133 225 161  84  43   3   1   0   0   0   0   0
   0   0   0   0   0   0   0]
[  1   1   1   0   7  34 142 213 191  94  58  17   2   1   0   0   0   0
   0   0   0   0   0   0   0]
[  1   0   0   1   6  24 108 274 276 140  88  28   5   0   0   0   0   0
   0   0   0   0   0   0   0]
[  5   2   0   4   4  14 125 313 287 179 111  65  10   1   0   0   0   0
   0   0   0   0   0   0   0]
[  3   0   0   2   4  15 106 320 359 218 157  84  25   1   0   0   0   0
   0   0   0   0   0   0   0]
[  6   2   2   1   1  11 116 392 510 368 213 103  35   2   2   0   0   0
   0   0   0   0   0   0   0]
[  6   1   3   5   7  13 143 505 794 661 347 197 120  57  19   1   0   0
   0   7   2   0   0   0   0]
