[1283 2056 1799 2081 2043 2498 2933 3323  852  168   16    0    0    1
    1    0    0    0    0    0    0    0    0    0    0]
[ 968 1242 1483 1600 1723 1981 2708 3107  805  159   28    4    0    0
    0    0    0    0    0    0    0    0    0    0    0]
[ 693  839  975 1130 1458 1811 2351 2506  712  192   20    2    2    1
    0    1    0    0    0    0    0    0    0    0    0]
[ 483  567  628  793 1206 1545 2091 2292  691  139   24    2    0    1
    0    0    0    0    0    0    0    0    0    0    0]
[ 371  345  382  499  861 1288 1748 2003  566  136   29    6    0    6
    3    0    0    0    0    0    0    0    0    0    0]
[ 216  168  170  277  634 1123 1550 1818  593  150   20    3    1    1
    4    1    0    0    0    0    0    0    0    0    0]
[ 155  123  107  212  462  793 1373 1631  600  149   32    4    3    3
    1    2    0    0    0    0    0    0    0    0    0]
[ 120   65   73  146  349  699 1141 1327  537  176   25   13    3    2
    1    0    0    0    0    0    0    0    0    0    0]
[  95   57   46   94  297  575 1006 1196  496  185   40    8    1    1
    3    0    0    0    0    0    0    0    0    0    0]
[ 69  32  30  91 196 461 759 900 440 123  40  10   5   4   0   0   0   0
   0   0   0   0   0   0   0]
[ 55  20  25  63 143 321 627 730 335 110  29   7   1   0   0   0   0   0
   0   0   0   0   0   0   0]
[ 22  18   3  31  76 225 409 474 259 146  40  15   3   0   1   0   0   0
   0   0   0   0   0   0   0]
[  4   2   6  20  46 128 327 374 246 106  47  13   9   2   1   0   0   0
   0   0   0   0   0   0   0]
[  3   2   2  13  15  49 136 171 159 105  46  17  12   5   1   0   0   0
   0   0   0   0   0   0   0]
[  1   2   1   3   5  16  67 118  82  70  24  10   6   4   1   0   0   0
   0   0   0   0   0   0   0]
[ 1  0  0  2  1 24 23 48 59 34 20  6  6  4  4  1  0  0  0  0  0  0  0  0
  0]
[ 0  1  0  0  2  3 24 47 51 18  5  4  0  2  0  1  0  0  0  0  0  0  0  0
  0]
[ 2  0  0  0  0  3  4 13 17 12  6  1  1  0  0  0  0  0  0  0  0  0  0  0
  0]
[ 0  0  0  0  0  0  2  5 17 12  6  0  0  0  0  0  0  0  0  0  0  0  0  0
  0]
[0 0 0 0 0 0 0 2 7 7 1 1 0 0 0 0 0 0 0 0 0 0 0 0 0]
