[ 581 1244 2015 2147 1894 1386  869  337   74   16    1    0    0    0
    0    0    0    0    0    0    0    0    0    0    0]
[ 242  485  899 1028 1032  890  661  188   42    1    2    0    0    0
    0    0    0    0    0    0    0    0    0    0    0]
[135 317 457 537 648 746 577 268  68   4   3   0   0   0   0   0   0   0
   0   0   0   0   0   0   0]
[ 148  347  494  558  735 1064 1021  495  183   37    2    1    0    0
    0    0    0    0    0    0    0    0    0    0    0]
[ 173  372  573  612  794 1413 1666  924  330   81    5    0    0    0
    0    0    0    0    0    0    0    0    0    0    0]
[  73  187  292  315  484  958 1362  885  333   82   14    0    0    0
    0    0    0    0    0    0    0    0    0    0    0]
[ 26  61 104 121 228 577 789 465 186  65  11   4   0   0   0   0   0   0
   0   0   0   0   0   0   0]
[ 21  30  43  94 168 592 924 647 315  77  11   1   0   0   0   0   0   0
   0   0   0   0   0   0   0]
[  19   24   52   94  270  804 1829 1475  698  191   25    0    0    0
    0    0    0    0    0    0    0    0    0    0    0]
[  15   25   36   63  226  748 1835 1912  961  325   50   11    0    0
    0    0    0    0    0    0    0    0    0    0    0]
[  11    9   11   32  105  432 1097 1236  625  201   63    3    0    0
    0    0    0    0    0    0    0    0    0    0    0]
[  9   7   9  19  84 298 847 853 448 157  73  10   1   0   0   0   0   0
   0   0   0   0   0   0   0]
[  11    8    8   30   62  260 1009 1231  774  299   94   15    0    0
    0    0    0    0    0    0    0    0    0    0    0]
[  21    8    7   24   90  272 1213 1859 1351  596  167   27    5    0
    0    0    0    0    0    0    0    0    0    0    0]
[  10   10    6   26   30  189  724 1228  885  399  135   35    1    0
    0    0    0    0    0    0    0    0    0    0    0]
[ 17  11  12  20  31  92 513 890 588 300 133  48   3   0   0   0   0   0
   0   0   0   0   0   0   0]
[  35   25   32   45   35   88  628 1480 1103  460  215   80   10    1
    0    0    0    0    0    0    0    0    0    0    0]
[  42   31   38   57   45  132  759 2446 2319 1071  375   89   22    1
    0    0    0    0    0    0    0    0    0    0    0]
[  16   18    9   22   35   70  600 2090 2214 1188  407  142   29    7
    0    0    0    0    0    0    0    0    0    0    0]
[   8    8   19   42   73   82  600 2515 3058 1616  647  230   73   23
    9    1    2    0    0    0    0    1    0    0    0]
