[107 188 237 218 164  88  49  14  10   2   0   0   0   0   0   0   0   0
   0   0   0   0   0   0   0]
[ 74 173 263 236 190 133  84  29  12   0   0   0   0   0   0   0   0   0
   0   0   0   0   0   0   0]
[ 61 145 240 242 257 240 134  62  10   4   0   0   0   0   0   0   0   0
   0   0   0   0   0   0   0]
[ 54 120 174 192 235 248 209 102  33  11   4   0   0   0   0   0   0   0
   0   0   0   0   0   0   0]
[ 52 113 159 155 207 236 221 149  61  15   1   0   1   0   0   0   0   0
   0   0   0   0   0   0   0]
[ 41  83  98 110 103 182 211 132  53  12   2   0   0   0   0   0   0   0
   0   0   0   0   0   0   0]
[ 29  34  63  63  85 138 148 112  63  20   5   0   0   0   0   0   0   0
   0   0   0   0   0   0   0]
[ 10  25  38  51  80 126 197 156  81  15   8   4   0   0   0   0   0   0
   0   0   0   0   0   0   0]
[  4   8  21  22  56 122 199 152 109  28  10   2   0   0   0   0   0   0
   0   0   0   0   0   0   0]
[  2   3   8  10  39 107 176 167  91  49   9   3   0   0   0   0   0   0
   0   0   0   0   0   0   0]
[  1   1   1   7  38  93 157 181 112  49   7   1   1   1   0   0   0   0
   0   0   0   0   0   0   0]
[  7   2   1   9  21  67 185 245 154  64  15   0   0   1   0   0   0   0
   0   0   0   0   0   0   0]
[  2   0   0   1  22  78 182 236 172  92  35   9   2   0   0   0   0   0
   0   0   0   0   0   0   0]
[  1   2   1   3  12  61 192 274 182 112  60  12   2   1   0   0   0   0
   0   0   0   0   0   0   0]
[  2   0   0   2  15  45 180 306 246 141  77  26   2   0   0   0   0   0
   0   1   4   0   0   0   0]
[  1   0   2   4  10  54 194 410 288 178 136  32   7   2   0   0   0   0
   0   1   2   0   0   0   0]
[  0   1   5   1   7  24 146 413 365 217 160  81  22   1   0   0   0   0
   0   5   0   0   0   0   0]
[  4   4   1   4   5  21 176 421 492 331 205 113  41   6   1   0   1   0
   3   4   9   0   0   0   0]
[  2   0   3   3   7  31 186 593 774 502 270 137  37   4   0   1   0   0
   0  16  11   0   0   0   0]
[   3    2    0    8    6   16  183  703 1007  703  405  225  107   43
   13   10    1    0    1   31   42    0    0    0    0]
