[ 92 133 220 176 127 112 110  70  18   4   1   0   0   0   0   0   0   0
   0   0   0   0   0   0   0]
[ 80 160 215 218 182 155 171 103  25   8   1   0   0   0   0   0   0   0
   0   0   0   0   0   0   0]
[ 43  84 116 143 141 161 155 129  45  16   1   0   0   0   0   0   0   0
   0   0   0   0   0   0   0]
[ 63  99 146 154 161 218 208 198  52  20   3   0   1   0   0   0   0   0
   0   0   0   0   0   0   0]
[ 77 105 158 165 190 220 273 257  89  37   5   2   0   1   1   0   0   0
   0   0   0   0   0   0   0]
[ 42  56  80  96  94 169 279 330 164  41  11   5   0   1   0   0   0   0
   0   0   0   0   0   0   0]
[ 14  32  38  50  60 127 265 325 203  59  11   4   1   0   0   0   0   0
   0   0   0   0   0   0   0]
[ 15  15  31  39  57 123 241 320 193  71  19   3   0   1   0   0   0   0
   0   0   0   0   0   0   0]
[ 11  12  20  24  62 121 258 383 177  91  32   5   4   0   1   0   0   0
   0   0   0   0   0   0   0]
[  7   2  10  16  48  96 218 313 190  75  32   5   3   0   0   0   0   0
   0   0   0   0   0   0   0]
[  5   3   3   8  19  84 191 266 177 104  34  11   5   0   0   0   0   0
   0   0   0   0   0   0   0]
[  5   2   3   5  17  76 158 245 189 148  35  13   4   0   0   0   0   0
   0   0   0   0   0   0   0]
[  4   4   1   8  13  60 190 258 258 154  44  17   5   1   0   0   0   0
   0   0   0   0   0   0   0]
[  4   4   2   5   9  43 187 298 256 192  98  27   8   0   0   0   0   0
   0   0   0   0   0   0   0]
[  1   1   3   2   7  28 150 301 303 209  81  26  10   0   0   0   0   0
   0   0   0   0   0   0   0]
[  0   3   2   3   4  21 121 275 264 196  98  31   8   1   0   0   0   0
   0   0   0   0   0   0   0]
[  3   0   1   2   5  21 116 281 291 264 128  55  12   3   0   0   0   0
   0   0   0   0   0   0   0]
[  2   0   1   2   4   6  71 293 323 257 159  62  26   4   2   1   0   0
   0   1   2   0   0   0   0]
[  0   1   0   0   2  10  68 279 382 355 247 116  47   7   0   1   1   0
   0   1   4   0   0   0   0]
[  1   1   0   1   2  12  85 336 518 506 434 261  87  28  11   3   1   1
   0   8  15   0   0   0   0]
