[ 47  63  65  80 109 131  78  52   8   1   0   0   0   0   0   0   0   0
   0   0   0   0   0   0   0]
[ 69  86  76  87  73 130 116 113  37   2   0   0   0   0   0   0   0   0
   0   0   0   0   0   0   0]
[ 34  43  63  55  80  90 168 194  97  36   5   0   0   0   0   0   0   0
   0   0   0   0   0   0   0]
[ 23  31  35  48  64  93 173 255 137  48   7   2   0   0   0   0   0   0
   0   0   0   0   0   0   0]
[  7  22  26  22  39  71 179 278 138  44  13   6   0   0   0   0   0   0
   0   0   0   0   0   0   0]
[  9  39  34  39  34  71 150 198 184  93  16   2   0   1   0   0   0   0
   0   0   0   0   0   0   0]
[ 11  17  22  37  46 104 164 222 241 109  23   4   0   0   0   0   0   0
   0   0   0   0   0   0   0]
[  6  10  11  27  35  76 143 296 418 136  27   2   0   0   0   0   0   0
   0   0   0   0   0   0   0]
[  6   1   3  12  12  63 127 153 145  60  21   6   3   0   0   0   0   0
   0   0   0   0   0   0   0]
[  1   6  10  11  33 106 111 135  97  67  33  10   1   0   0   0   0   0
   0   0   0   0   0   0   0]
[  2   1   1   3  13  50 122 141 162  67  27  16   3   0   0   0   0   0
   0   0   0   0   0   0   0]
[  3   0   3   4   5  35 112 174 158  91  35   9   2   1   0   0   0   0
   0   0   0   0   0   0   0]
[  1   0   2   2  13  41  90 175 115 106  32   8   2   1   0   0   0   0
   0   0   0   0   0   0   0]
[  1   2   0   0   4  21  68 153  98  75  30   7   5   1   0   0   0   0
   0   0   6   0   0   0   0]
[  4   2   1   0   3  13  66 135 135  94  49  16   6   2   0   0   0   0
   0   5   8   0   0   0   0]
[  5   4   2   0   3   7  42 131 152 115  59  22   2   0   0   0   0   0
   0   0   0   0   0   0   0]
[  3   0   2   3   1  16  35 114 129 113  50  23   6   0   0   0   0   0
   0   0   0   0   0   0   0]
[  1   2   3   5   5  11  35  95 138 106  72  36   5   5   0   0   0   0
   0   0   0   0   0   0   0]
[  3   2   1   3  11  15  44  92 118  91  76  53  20   8   3   0   0   0
   0   4   0   0   0   0   0]
[  1   2   1   0   2   5  48 113 172 159 150 134  71  41  27  15  16   8
   3   6   5   0   0   0   0]
