[ 9 31 45 40 29 34 18  7  3  0  0  0  0  0  0  0  0  0  0  0  0  0  0  0
  0]
[19 43 76 90 92 69 47 18  5  0  1  0  0  0  0  0  0  0  0  0  0  0  0  0
  0]
[11 19 29 37 40 43 37 21  3  0  0  0  0  0  0  0  0  0  0  0  0  0  0  0
  0]
[ 2  4  9  4 16  8 23  9  0  0  1  0  0  0  0  0  0  0  0  0  0  0  0  0
  0]
[ 5  1  4  4  8 11  8  4  1  0  0  0  0  0  0  0  0  0  0  0  0  0  0  0
  0]
[ 5 11 10 17 20 26 51 46 16  3  0  0  0  0  0  0  0  0  0  0  0  0  0  0
  0]
[ 6 10  8 12  9 37 52 45 14  3  0  0  0  0  0  0  0  0  0  0  0  0  0  0
  0]
[ 0  1  2  6  8 19 29 28  8  1  0  1  0  0  0  0  0  0  0  0  0  0  0  0
  0]
[ 1  1  0  1  1  5  8 10  6  2  1  0  0  0  0  0  0  0  0  0  0  0  0  0
  0]
[ 2  1  1  3  2 12 15 19 14  6  1  0  0  0  0  0  0  0  0  0  0  0  0  0
  0]
[ 2  4  5 15 10 20 70 64 38 10  1  0  0  0  0  0  0  0  0  0  0  0  0  0
  0]
[ 0  2  1  2  4 10 26 41 29  4  3  0  0  0  0  0  0  0  0  0  0  0  0  0
  0]
[ 0  0  0  0  1  4  2 10  3  0  0  0  0  0  0  0  0  0  0  0  0  0  0  0
  0]
[ 3  0  1  0  4  5 17 16 12  2  0  1  0  0  0  0  0  0  0  0  0  0  0  0
  0]
[ 2  1  3  5  8 15 40 71 43 26  8  2  0  0  0  0  0  0  0  0  0  0  0  0
  0]
[ 1  0  1  7  2 10 20 44 45 12  1  4  0  0  0  0  0  0  0  0  0  0  0  0
  0]
[0 0 0 1 0 1 2 5 6 0 4 1 0 0 0 0 0 0 0 0 0 0 0 0 0]
[ 5  1  1  2  2  2 11 23 24 18 13  3  1  0  0  0  0  0  0  0  0  0  0  0
  0]
[  8   1   7   4   8  13  55  97 116  44  26   6   3   0   0   0   0   0
   0   0   0   0   0   0   0]
[ 2  1  0  2  3  3 15 39 53 35 14  5  1  0  0  0  0  0  0  0  0  0  0  0
  0]
