[ 4 17 17 15  4  5  7  1  1  0  0  0  0  0  0  0  0  0  0  0  0  0  0  0
  0]
[ 3  3 10  5  5  7  6  5  0  0  0  0  0  0  0  0  0  0  0  0  0  0  0  0
  0]
[0 3 1 0 4 8 3 6 0 0 0 0 0 0 0 0 0 0 0 0 0 0 0 0 0]
[2 3 2 2 3 8 7 5 4 0 0 0 0 0 0 0 0 0 0 0 0 0 0 0 0]
[ 2  5  2  1  8  7 14 10  5  0  0  0  0  0  0  0  0  0  0  0  0  0  0  0
  0]
[0 2 1 2 2 5 7 4 2 2 1 0 0 0 0 0 0 0 0 0 0 0 0 0 0]
[1 1 1 0 1 2 4 1 0 0 0 0 0 0 0 0 0 0 0 0 0 0 0 0 0]
[0 0 0 0 3 3 2 6 3 0 0 0 0 0 0 0 0 0 0 0 0 0 0 0 0]
[0 2 0 0 0 3 3 7 0 0 0 0 0 0 0 0 0 0 0 0 0 0 0 0 0]
[0 0 0 1 0 6 5 1 4 1 0 0 0 0 0 0 0 0 0 0 0 0 0 0 0]
[ 0  0  0  1  1  3  6 12  4  1  0  0  1  0  0  0  0  0  0  0  0  0  0  0
  0]
[1 0 0 0 0 3 5 9 6 2 2 0 0 0 0 0 0 0 0 0 0 0 0 0 0]
[0 0 0 0 1 0 7 2 4 1 0 0 0 0 0 0 0 0 0 0 0 0 0 0 0]
[ 0  0  0  1  0 10 12 10 12  6  2  0  0  0  0  0  0  0  0  0  0  0  0  0
  0]
[ 0  0  0  0  0  4  6 20 15  2  0  0  1  0  0  0  0  0  0  0  0  0  0  0
  0]
[ 0  0  0  0  0  0  6 19 18  3  2  0  0  0  0  0  0  0  0  0  0  0  0  0
  0]
[ 0  1  0  0  0  0  3  6 15  8  5  1  1  0  0  0  0  0  0  0  0  0  0  0
  0]
[ 0  0  0  1  0  3  4 21 27 21 10  6  2  0  0  0  0  0  0  0  2  0  0  0
  0]
[ 0  0  0  0  0  3  9 35 44 22  7  6  1  0  0  0  0  0  0  3  6  0  0  0
  0]
[ 1  0  0  0  0  1  5 30 27 17 12 15  3  1  0  1  0  0  0  3  6  0  0  0
  0]
