[ 47  76 105 106 123  87  37   9   1   0   0   0   0   0   0   0   0   0
   0   0   0   0   0   0   0]
[10 35 59 47 50 44 39  4  0  0  0  0  0  0  0  0  0  0  0  0  0  0  0  0
  0]
[ 6 28 34 23 26 53 37 10  1  0  0  0  0  0  0  0  0  0  0  0  0  0  0  0
  0]
[ 23  63  91  98 141 175 192  72  20   4   0   0   0   0   0   0   0   0
   0   0   0   0   0   0   0]
[ 32  58  73  73 109 238 225  80  19   0   0   0   0   0   0   0   0   0
   0   0   0   0   0   0   0]
[ 2  4 13  5 23 54 63 34  7  1  1  0  0  0  0  0  0  0  0  0  0  0  0  0
  0]
[ 0  0  3  2  9 27 48 14  4  0  0  0  0  0  0  0  0  0  0  0  0  0  0  0
  0]
[  1   2   1   8  21  76 141  78  22   4   2   0   0   0   0   0   0   0
   0   0   0   0   0   0   0]
[  1   3   7  14  40 174 456 293  96  18   1   0   0   0   0   0   0   0
   0   0   0   0   0   0   0]
[  0   1   2   5  23  80 235 207  75  27   1   1   0   0   0   0   0   0
   0   0   0   0   0   0   0]
[ 0  1  1  0  4 24 60 40 17  4  1  0  0  0  0  0  0  0  0  0  0  0  0  0
  0]
[  1   0   0   0   6  40 151 112  30  12   1   1   0   0   0   0   0   0
   0   0   0   0   0   0   0]
[  0   0   0   0   3  31 170 209 110  30  10   1   0   0   0   0   0   0
   0   0   0   0   0   0   0]
[  0   1   0   1  11  38 204 330 183  72   9   6   0   0   0   0   0   0
   0   0   0   0   0   0   0]
[ 1  1  0  1  3 10 60 84 44 12 12  3  0  0  0  0  0  0  0  0  0  0  0  0
  0]
[  2   2   2   0   1  10  60 110  54  23  18   5   2   0   0   0   0   0
   0   0   0   0   0   0   0]
[  0   0   1   2   4   8  95 278 199  61  30  13   0   0   0   0   0   0
   0   0   0   0   0   0   0]
[  0   1   2   1   2   6  85 347 306 101  27   4   2   0   0   0   0   0
   0   0   0   0   0   0   0]
[  0   0   0   1   3   5  47 226 217  68  18   6   0   0   0   0   0   0
   0   0   0   0   0   0   0]
[  0   0   1   1   3   1  69 397 486 189  52  22   3   2   0   0   0   0
   0   0   0   0   0   0   0]
