[2 1 4 4 5 0 5 5 2 1 1 0 0 0 0 0 0 0 0 0 0 0 0 0 0]
[4 4 6 7 6 4 4 3 0 0 0 0 0 0 0 0 0 0 0 0 0 0 0 0 0]
[0 4 2 1 2 6 8 5 0 0 0 0 0 0 0 0 0 0 0 0 0 0 0 0 0]
[ 1  2  3  2  2  3 19 16  1  1  1  0  0  0  0  0  0  0  0  0  0  0  0  0
  0]
[ 0  1  4  5  6 10 15 32 11  5  5  1  0  1  0  0  0  0  0  0  0  0  0  0
  0]
[ 1  1  3  3 13 22 31 30 27  2  1  0  1  1  3  0  0  0  0  0  0  0  0  0
  0]
[ 0  1  0  6 18 25 63 87 46 10  0  0  0  1  0  2  0  0  0  0  0  0  0  0
  0]
[ 0  0  0  1  3 13 34 57 30 10  0  1  1  1  1  0  0  0  0  0  0  0  0  0
  0]
[ 0  0  0  2  4  8 20 40 19 12  3  1  0  1  2  0  0  0  0  0  0  0  0  0
  0]
[ 0  0  0  1  1  6 16 16 17  5  1  0  0  0  0  0  0  0  0  0  0  0  0  0
  0]
[ 0  0  0  1  2  1  9 34 12  7  0  0  0  0  0  0  0  0  0  0  0  0  0  0
  0]
[ 0  0  0  2  3  6 16 44 19  6  1  0  0  0  0  0  0  0  0  0  0  0  0  0
  0]
[ 0  0  0  0  0  2 17 23 17  4  4  1  0  0  0  0  0  0  0  0  0  0  0  0
  0]
[ 0  1  0  0  0  0  1  9 13  3  5  0  1  0  0  0  0  0  0  0  0  0  0  0
  0]
[ 0  0  0  0  0  1  3 16  9  8  0  2  0  0  0  0  0  0  0  0  0  0  0  0
  0]
[ 0  0  0  0  0  2  3 15 18  9  4  3  2  0  0  0  0  0  0  0  0  0  0  0
  0]
[ 0  0  0  0  0  0  5 19 21  3  1  3  0  2  0  0  0  0  0  0  0  0  0  0
  0]
[ 0  0  0  0  0  2  2  6 10 10  1  0  0  0  0  0  0  0  0  0  0  0  0  0
  0]
[ 0  0  0  0  0  0  1  2 12  9  2  0  0  0  0  0  0  0  0  0  0  0  0  0
  0]
[0 0 0 0 0 0 0 2 6 7 0 0 0 0 0 0 0 0 0 0 0 0 0 0 0]
