[ 8 34 24 25  9 16 13 14  3  1  0  0  0  0  0  0  0  0  0  0  0  0  0  0
  0]
[ 8 15 39 47 34 35 34 17 16  5  0  0  0  0  0  0  0  0  0  0  0  0  0  0
  0]
[ 8 13 42 52 48 44 47 44 33 12  2  0  0  0  0  0  0  0  0  0  0  0  0  0
  0]
[ 8 20 25 44 39 57 53 53 33 18  4  0  0  0  0  0  0  0  0  0  0  0  0  0
  0]
[ 3 11 15 22 34 34 53 57 33 11  3  1  0  0  0  0  0  0  0  0  0  0  0  0
  0]
[ 1  8  9 11 22 12 47 45 43  6  5  0  0  0  0  0  0  0  0  0  0  0  0  0
  0]
[ 0  3 10 10  6 27 32 32 26 12  5  0  0  0  0  0  0  0  0  0  0  0  0  0
  0]
[ 1  0  3  2 11 19 32 39 33 15  2  2  0  0  0  0  0  0  0  1  0  0  0  0
  0]
[ 3  4  9  6 13 25 45 40 41  6  6  1  0  0  0  0  0  0  0  3  0  0  0  0
  0]
[ 1  1  3  4 11 22 37 59 39 23 10  1  0  0  0  0  0  0  0  1  0  0  0  0
  0]
[ 0  1  1  5  2 25 21 52 31 25 10  4  1  1  0  0  0  0  0  0  0  0  0  0
  0]
[ 1  0  4  1  5 17 36 65 67 42  9  1  1  0  0  0  0  0  0  0  0  0  0  0
  0]
[ 0  1  1  2 16 20 61 81 67 45 21 10  2  0  0  0  0  0  0  1  3  0  0  0
  0]
[ 0  0  0  1  5 22 43 82 66 55 23  3  4  0  0  0  0  0  0  0  7  0  0  0
  0]
[ 2  1  0  1  3 19 30 77 98 87 29 19  7  1  0  0  0  0  0  2  4  0  0  0
  0]
[  1   3   1   1   2  10  52  96 120  97  50  19   6   3   3   0   0   0
   0   4   2   0   0   0   0]
[  0   1   0   1   4  10  39 106 141 101  60  18  11   5   2   0   0   0
   0   1   9   0   0   0   0]
[  0   0   0   0   0   9  38 100 153 126  89  58  18   2   0   0   0   0
   0   3   4   0   0   0   0]
[  0   0   0   0   0   5  26 109 131 136 104  74  31   5   5   0   0   0
   0   3   5   0   0   0   0]
[  0   0   0   0   2   2  31 114 180 184 173 122  44  11   5   1   1   0
   0   0   5   0   0   0   0]
