[ 43  77 100  94  74  63  41   8   0   0   0   0   0   0   0   0   0   0
   0   0   0   0   0   0   0]
[10 21 34 45 33 35 15  5  0  0  0  0  0  0  0  0  0  0  0  0  0  0  0  0
  0]
[ 4  9 10 16 19 22 28 13  2  0  0  0  0  0  0  0  0  0  0  0  0  0  0  0
  0]
[ 1 14 24 14 34 45 39 14  1  0  0  0  0  0  0  0  0  0  0  0  0  0  0  0
  0]
[  8  25  30  36  59  82 102  38   8   0   0   0   0   0   0   0   0   0
   0   0   0   0   0   0   0]
[ 5 10  9 12 26 47 71 30  5  1  2  0  0  0  0  0  0  0  0  0  0  0  0  0
  0]
[ 0  1  0  2  4 14 43 18  8  0  0  0  0  0  0  0  0  0  0  0  0  0  0  0
  0]
[ 0  2  0  6 17 20 58 26  6  0  0  0  0  0  0  0  0  0  0  0  0  0  0  0
  0]
[ 0  0  1  9 16 45 75 54 17  2  1  0  0  0  0  0  0  0  0  0  0  0  0  0
  0]
[ 0  0  0  3 13 33 70 57 11 13  1  0  0  0  0  0  0  0  0  0  0  0  0  0
  0]
[ 0  0  1  1  8 21 47 42 11  8  1  0  0  0  0  0  0  0  0  0  0  0  0  0
  0]
[ 0  0  0  1  1 10 32 53 17 10  1  0  0  0  0  0  0  0  0  0  0  0  0  0
  0]
[ 0  0  0  3  7 36 79 92 27 11  7  0  0  0  0  0  0  0  0  0  0  0  0  0
  0]
[ 1  1  0  0  2  7 42 63 26 10  2  0  0  0  0  0  0  0  0  0  0  0  0  0
  0]
[ 3  0  1  3  1  8 42 78 55 15  8  1  0  0  0  0  0  0  0  0  0  0  0  0
  0]
[ 0  0  0  1  0  6 39 71 37 12 16 10  0  0  0  0  0  0  0  0  0  0  0  0
  0]
[ 1  2  0  1  5 12 60 98 58 29 24 17  2  0  0  0  0  0  0  0  0  0  0  0
  0]
[  1   0   0   1   1   3  41 139  86  18  12  17   3   0   0   0   0   0
   0   0   0   0   0   0   0]
[  2   0   3   1   1   1  45 152 152  78  18   6   1   0   0   0   0   0
   0   0   0   0   0   0   0]
[  0   1   0   2   1   2  38 167 236  97  28  12   6   0   1   0   0   0
   0   0   0   0   0   0   0]
