[ 31  63 104 143 135 114  79  41  13   2   1   0   0   0   0   0   0   0
   0   0   0   0   0   0   0]
[15 23 63 73 89 58 69 23  3  1  0  0  0  0  0  0  0  0  0  0  0  0  0  0
  0]
[10 12 23 28 37 43 36 23  3  0  1  0  0  0  0  0  0  0  0  0  0  0  0  0
  0]
[20 28 50 45 70 88 86 60 21  4  2  0  0  0  0  0  0  0  0  0  0  0  0  0
  0]
[ 10  17  35  45  50  64 101  84  52   8   3   0   0   0   0   0   0   0
   0   0   0   0   0   0   0]
[ 7 10 10 28 23 37 75 82 29 11  6  1  0  0  0  0  0  0  0  0  0  0  0  0
  0]
[ 2  2  4  5 12 24 58 41 11  5  1  0  0  0  0  0  0  0  0  0  0  0  0  0
  0]
[ 1  4  9  4 14 29 49 53 36 10  5  0  0  0  0  0  0  0  0  0  0  0  0  0
  0]
[  1   5   3   9  25  45  88 106  63  25   9   0   0   0   0   0   0   0
   0   0   0   0   0   0   0]
[  1   1   2   2   8  17  84 112  64  27   4   1   0   0   0   0   0   0
   0   0   0   0   0   0   0]
[ 0  0  0  0  2 11 33 42 39 16  3  2  0  0  0  0  0  0  0  0  0  0  0  0
  0]
[ 0  0  0  2  6  6 29 49 32 29  5  2  0  0  0  0  0  0  0  0  0  0  0  0
  0]
[ 0  0  2  1  6 10 47 82 78 36 10  5  0  0  0  0  0  0  0  0  0  0  0  0
  0]
[ 0  0  0  2  5 17 44 91 75 36  5  1  0  0  0  0  0  0  0  0  0  0  0  0
  0]
[ 1  1  0  1  6  5 37 77 49 32 11  1  0  0  0  0  0  0  0  0  0  0  0  0
  0]
[ 3  0  1  2  1  7 12 28 47 24  8  2  0  0  0  0  0  0  0  0  0  0  0  0
  0]
[ 3  4  0  2  4  8 28 67 60 35  8  3  1  0  0  0  0  0  0  0  0  0  0  0
  0]
[  1   0   2   2   2   4  41  84 118  77  16   9   0   0   0   0   0   0
   0   0   0   0   0   0   0]
[  4   2   0   2   3   3  36 102 162  91  29  10   1   0   0   0   0   0
   0   0   0   0   0   0   0]
[  1   1   2   3   2   6  27  82 132 104  50  16   5   0   0   0   0   0
   0   0   0   0   0   0   0]
